1 62.6667 16 8.66667 18 63.3333
6 126 110.667 1842 100 120.667
11 200.667 297.333 3758 210.667 198.667
16 260 466 5602.67 330 262.667
21 337.333 655.333 7994.67 468 310.667
26 522 876.667 10207.3 612 549.333
31 600 1081.33 11670 756 614.667
36 668.667 1266.67 13857.3 912 694
41 769.333 1469.33 16092.7 1073.33 784
46 869.333 1696.67 19240.7 1234.67 901.333
51 884.667 1933.33 19439.3 1421.33 896
56 988 2179.33 21340 1579.33 996.667
61 1224.67 2463.33 25418 1814 1202.67
66 1236 2711.33 25736 1962 1286.67
71 1380.67 2887.33 28397.3 2159.33 1382.67
76 1616 3186.67 32896.7 2501.33 1646.67
81 1660 3401.33 33098.7 2640 1702.67
86 1786 3634.67 34239.3 2823.33 1815.33
91 2009.33 3884.67 35769.3 3022 2073.33
96 2102.67 4156.67 38770.7 3060.67 2178
101 2700.67 4408 43984 3288 2503.33
201 7014 10454.7 91756.7 7826.67 6321.33
301 14886.7 17581.3 148906 12888.7 10680
401 33914 29726 302572 22635.3 20142
501 33163.3 29126.7 216086 22444.7 18479.3
601 45294.7 35119.3 255963 27460 22381.3
701 76310.7 47147.3 405537 38603.3 33366.7
801 89796 52895.3 412223 41807.3 35476.7
901 145085 74130.7 666875 55043.3 52676
1001 161635 77648.7 595764 59058 51727.3
1101 172526 76076.7 537851 58466.7 49808
1201 196991 85168 669919 67988 59959.3
1301 234492 89651.3 659212 70397.3 60750.7
1401 227060 89803.3 603313 71942.7 60031.3
1501 258120 97419.3 713121 77400.7 65348.7
1601 291763 105399 679243 82620 69987.3
1701 328403 111546 724881 90050 76336.7
1801 377503 119855 771573 96325.3 82430.7
1901 411934 127652 858861 101143 85874
2001 456108 133247 830969 106623 92710
2101 500961 140456 1.0211e+06 114519 99084.7
2201 555250 148029 1.04331e+06 121273 103685
2301 611452 157300 1.04287e+06 125913 109477
2401 649229 164332 1.02888e+06 133017 116020
2501 707188 174725 1.09741e+06 141736 122029
2601 769543 179263 1.22245e+06 148553 127490
2701 800044 184729 1.34786e+06 152183 131884
2801 873955 194789 1.23366e+06 158771 137943
2901 934260 200093 1.28982e+06 163279 142983
3001 1.00952e+06 210827 1.32185e+06 170471 150109
3101 1.0649e+06 220075 1.61672e+06 177820 157695
3201 1.12576e+06 222645 1.57233e+06 185241 164649
3301 1.2294e+06 230833 1.4544e+06 189581 172466
3401 1.29624e+06 239341 1.45451e+06 195423 175747
3501 1.36897e+06 247619 1.49855e+06 201685 183073
3601 1.42533e+06 254171 1.63501e+06 211193 186839
3701 1.52329e+06 264161 1.58616e+06 213791 193596
3801 1.60137e+06 268999 1.63508e+06 221168 200835
3901 1.66541e+06 278860 1.77188e+06 228365 212204
4001 1.76033e+06 287632 1.68608e+06 235041 219017
4101 1.85081e+06 294240 1.73885e+06 240733 223678
4201 1.91972e+06 301380 1.78814e+06 245345 228864
4301 1.99961e+06 309763 1.95777e+06 253363 241611
4401 2.10547e+06 321594 1.91444e+06 262611 251855
4501 2.1835e+06 326439 2.33228e+06 265433 257217
4601 2.28068e+06 332120 2.18958e+06 277095 269687
4701 2.39889e+06 340821 2.09059e+06 278651 272076
4801 2.52942e+06 347851 2.0552e+06 288025 283947
4901 2.61763e+06 359643 2.12079e+06 291370 290259
5001 2.72219e+06 364754 2.24269e+06 299669 296803
5101 2.83542e+06 373583 2.47343e+06 308619 309428
5201 2.95506e+06 382049 2.29481e+06 312429 314812
5301 3.05708e+06 388549 2.31537e+06 318721 323394
5401 3.18314e+06 399454 2.37358e+06 330578 333215
5501 3.31449e+06 406591 2.42629e+06 332079 339003
5601 3.40567e+06 410497 2.4355e+06 339451 339791
5701 3.51878e+06 419915 2.51365e+06 345395 348385
5801 3.59025e+06 425789 2.87623e+06 357285 361434
5901 3.79839e+06 439288 2.61e+06 360121 368249
6001 3.94265e+06 448813 2.63952e+06 369738 377655
6101 4.10589e+06 453993 3.07054e+06 375331 395121
6201 4.20542e+06 463531 2.75798e+06 379065 394235
6301 4.33816e+06 480883 2.82978e+06 386145 402197
6401 4.48933e+06 481345 2.88804e+06 396222 416397
6501 4.59238e+06 488497 3.0378e+06 408358 422091
6601 4.78208e+06 498783 2.93492e+06 407576 423377
6701 4.8976e+06 506696 2.97969e+06 419057 440632
6801 5.04496e+06 509222 3.10466e+06 425907 449910
6901 5.21764e+06 525657 3.0458e+06 429533 456933
7001 5.30206e+06 528553 3.05276e+06 435904 459045
7101 5.4837e+06 538359 3.10135e+06 442063 475391
7201 5.6025e+06 543797 3.28886e+06 460635 479454
7301 5.75537e+06 554106 3.26221e+06 460816 491097
7401 5.9175e+06 562052 3.21767e+06 466185 498746
7501 6.10526e+06 570514 3.23814e+06 477770 509112
7601 6.19281e+06 580663 3.66095e+06 482433 518998
7701 6.41009e+06 591351 3.34823e+06 486001 522091
7801 6.61103e+06 593679 3.3827e+06 493707 534036
7901 6.7309e+06 603445 3.56541e+06 498469 538187
8001 6.88603e+06 614177 3.5801e+06 507371 552529
8101 7.04735e+06 622787 3.61651e+06 515138 558759
8201 7.22621e+06 629765 3.64366e+06 522071 577123
8301 7.43019e+06 640190 3.71457e+06 525743 577217
8401 7.57415e+06 647027 3.74942e+06 539154 588757
8501 7.8128e+06 653308 3.97861e+06 544407 626897
8601 7.9022e+06 662073 3.78564e+06 550616 603700
8701 8.10323e+06 671523 3.75404e+06 558357 608712
8801 8.40803e+06 686903 3.83611e+06 563669 623345
8901 8.51738e+06 688024 4.01844e+06 578091 641629
9001 8.72774e+06 702123 4.34246e+06 579206 636307
9101 8.86819e+06 700923 4.06326e+06 585378 647577
9201 9.05738e+06 715629 3.9982e+06 593273 654062
9301 9.31534e+06 725715 4.11946e+06 600096 662431
9401 9.45075e+06 728447 4.14495e+06 609805 679182
9501 9.68441e+06 741297 4.21028e+06 612651 699156
9601 9.85373e+06 754611 4.45686e+06 622010 691727
9701 1.0045e+07 754912 4.4287e+06 636405 706362
9801 1.03272e+07 766165 4.32561e+06 635562 706407
9901 1.04533e+07 772069 4.58895e+06 642540 711365
10001 1.0786e+07 780036 4.40713e+06 651841 725238
