100 44 131 802 22
200 136 484 1985 53
300 322 1091 3237 84
400 544 1970 4613 127
500 789 2787 5520 170
600 1260 3947 6752 213
700 1700 5174 7428 264
800 2161 6537 8725 334
900 2620 8120 9587 344
1000 3360 10091 10989 417
1100 4255 11646 12670 454
1200 4675 15708 17530 805
1300 11281 22211 14612 606
1400 6724 19229 15633 737
1500 7712 20828 17257 740
1600 8545 25560 20767 1614
1700 19144 44537 20627 871
1800 10736 33487 26271 1281
1900 24165 46143 22904 1177
2000 17323 49366 30184 1137
2100 17876 49320 23315 1327
