100 4600 135000 842000 1172900
125 4700 246400 1224600 1537600
150 10800 383100 1454200 2055700
175 5600 391000 1714800 2645400
200 5500 522300 2134500 3966300
225 13300 860600 4036800 5689600
250 6800 1185500 3463600 5179100
275 7000 1010500 3070400 6685100
300 7700 1214200 3733400 9486500
325 8500 1421900 4326100 13376000
350 8800 1639000 3949100 11951600
375 10700 2332900 7021100 10800900
400 11600 2362900 4878800 11716500
425 9600 2342700 6778000 17437900
450 9900 2631400 4616900 13802700
475 12500 3002800 5500200 16164100
500 11100 3702700 5597300 18243800
525 20500 5330500 6164700 19856800
550 11500 3918300 6354900 23732900
575 12200 5080200 8791000 31508600
600 13600 4853900 7264300 30268200
625 25600 8687400 9125600 37446700
650 31600 10036000 14332400 49610300
675 14200 7230000 9229300 39810000
700 18400 7360700 14212200 50330300
725 37800 10451900 13572400 51835800
750 25100 8939600 11101400 43570500
775 32600 9629900 10928300 41755900
800 30700 10167000 9075000 40060500
825 16700 9595200 10232300 44278500
850 16900 9105800 12101800 52392600
875 18500 12363200 12065800 84702600
900 33500 17101800 15631000 52575400
925 20700 12189700 12993700 72662800
950 32000 15779300 10459000 53235900
975 20700 12923000 10413200 56700500
1000 19900 13766600 10696700 58058000
1025 19900 14265800 11261300 59783600
1050 20300 14355200 11093000 62688900
1075 24300 15074300 11160900 65673900
1100 20700 15242100 11819800 68234000
1125 21900 15857900 13645700 72091500
1150 23300 16192100 12498500 74965800
1175 22200 16936900 14054300 87057000
1200 33800 17982400 15348900 84811200
1225 39900 21085400 17106100 86097800
1250 24100 19123800 14200200 90409400
1275 25700 19280600 14227400 90390900
1300 25900 19946500 14550800 94595700
1325 27600 20932500 14735300 98881100
1350 27800 21985200 15494600 101623700
1375 26800 22348700 14965900 106057800
1400 30000 23184400 15515900 127087900
1425 29500 25282500 16311600 115251400
1450 31400 27344000 16787200 123840900
1475 28500 28214100 20977600 119287600
1500 27900 26860900 16739700 131003100
1525 31700 28865000 17278100 134115800
1550 30400 29098700 17097000 133359900
1575 32900 29973300 18209200 147642300
1600 29100 31221100 17621700 143504000
1625 30800 32167300 18078100 146345200
1650 32600 33485700 17966600 156900300
1675 59400 35601700 19072300 154477300
1700 31200 36112100 18421600 156560900
1725 33200 37609400 18926300 160950400
1750 34200 38453900 19027700 165535100
1775 34100 39532800 19308100 176572400
1800 34700 40741600 19401800 179819000
1825 33600 43451500 19695600 186826900
1850 36100 44394700 20109900 185480500
1875 36100 45412600 20733700 194756100
1900 37400 46825800 20845700 210123300
1925 37200 47934600 20669900 203649800
1950 35300 49283100 21417100 204648200
1975 39000 51871300 21385400 210299700
2000 37400 52374100 21350100 221011400
2025 40400 54348700 26299200 228308300
2050 51300 56344900 24242500 238048900
2075 39500 56909500 26147800 261826300
2100 38000 57051200 22165900 236655200
2125 38200 60012600 23154100 253978200
2150 59400 61953200 25323200 256840900
2175 42200 63149000 25021100 259718500
2200 42700 62238900 23904600 261968300
2225 43700 62857300 26406300 267032100
2250 45200 62249200 25010700 271351700
2275 45700 65420400 24869300 274264100
2300 45500 64904600 25243200 280102200
2325 46300 65286500 25723100 293593800
2350 49000 68593800 26341900 298937600
2375 46100 67258300 26033400 301681100
2400 42600 68489700 26397400 306308800
2425 46400 69978900 27390900 310967700
2450 48200 71259800 27128000 319010900
2475 48000 72202800 27512900 330708300
2500 48500 73603700 27706400 376552600
2525 51100 77448000 29377300 336359500
2550 49700 76901700 29344600 360937700
2575 51900 86535800 32474200 366183400
2600 50200 79221400 29352900 358535600
2625 51000 80683200 32244000 365604200
2650 49700 83209900 29753300 378363800
2675 50700 84736900 30176900 394293600
2700 50200 86573800 30985600 397489200
2725 51400 86669500 30360300 394968000
2750 51100 92321300 30674400 399927300
2775 51300 89931100 30981600 406721600
2800 49300 92542700 31166500 417708300
2825 54700 94097600 33922100 453361200
2850 54800 95155400 34215800 446196200
2875 56600 97720800 32087000 452375600
2900 52100 99712000 32472400 444864500
2925 56400 102528200 33827700 449940400
2950 56800 102235800 37584800 456201200
2975 56800 104192800 34300600 470509300
3000 57300 106228200 36842000 509729300
3025 59400 110985600 34686100 491835900
3050 59000 111202300 34227300 491698000
3075 54200 112562800 34622900 497352300
3100 54500 117330900 34778400 514611000
3125 55100 116980400 37320000 562079600
3150 65600 120239800 35134500 530429300
3175 58200 145538000 35652200 527978900
3200 57200 123071500 36981400 531605100
3225 64000 126630000 35974100 548235700
3250 56600 127406000 38649200 561019100
3275 63800 130283500 39172400 622150600
3300 62700 132472800 38161700 564447200
3325 75400 134568800 36734800 575872200
3350 63900 136648100 37881600 615754700
3375 63200 140839200 37845700 629099400
3400 69500 145099700 38555000 638191500
3425 65200 145640700 38814400 614746600
3450 64800 148152500 40491000 636432100
3475 66100 151243600 45714500 663458500
3500 65500 158674300 38611200 644668300
3525 67700 155697300 41922300 686696100
3550 66600 159582300 39774200 656344500
