100 38 130 803 21
200 141 487 2098 51
300 321 1059 3097 89
400 567 1827 4365 135
500 932 3253 5870 167
600 1414 4244 7846 250
700 2174 6835 10377 343
800 2829 8631 10842 417
900 3051 9177 11096 392
1000 3971 11652 12262 461
1100 4135 11501 11918 491
1200 4829 13708 13291 559
1300 5848 15971 15241 593
1400 6752 18323 15311 681
1500 7670 20938 17227 771
1600 8933 23675 17954 828
1700 10128 26101 18809 900
1800 11232 29152 20007 1109
1900 12260 32184 21792 1103
2000 13579 35326 22673 1152
2100 15054 38940 23534 1253
2200 16469 41902 25336 1352
2300 17850 46156 26264 1476
2400 19572 49339 27705 1600
2500 21381 53280 27767 1606
2600 23045 57370 29344 1713
2700 24891 62171 30119 1810
2800 26731 66144 31438 1995
2900 28193 71195 32889 2128
3000 30410 75341 35291 2170
3100 32413 80182 36609 2282
3200 34706 85227 36757 2410
3300 38866 96330 38967 2661
3400 40405 97077 39787 2682
3500 41422 101263 39035 2790
3600 43404 105846 41703 2940
3700 46109 110517 43274 3162
3800 48888 117486 43403 3169
3900 51680 123640 43444 3346
4000 55891 133571 46750 3549
4100 57293 136599 45550 3615
4200 62598 145834 48955 3897
4300 63033 150626 48413 3999
4400 67815 159945 52211 4176
4500 68769 163048 50666 4316
4600 71428 167595 50949 4502
4700 75562 174063 52308 4630
4800 78077 181449 55156 5058
4900 81420 189452 57580 4965
5000 84464 196373 59790 5093
5100 88073 206763 60136 5356
5200 92948 215450 60665 5528
5300 100637 228770 63454 5741
5400 102177 236251 64597 6070
5500 105559 248277 67276 6628
5600 108272 249474 65427 6378
5700 110002 254967 68188 6514
5800 114454 264964 69370 6963
5900 117478 271181 68295 6835
6000 121245 280122 70886 7107
6100 124936 287176 70631 7364
6200 129533 296380 71754 7615
6300 134425 307499 75644 7835
6400 139409 318919 75806 8110
6500 142802 324561 76659 8372
6600 148392 337599 75764 8395
6700 155126 346975 80224 8588
6800 159624 363983 79838 8852
6900 164049 370684 83359 9301
7000 177572 409328 87597 9910
7100 170437 382938 81334 9486
7200 175859 398770 83203 9870
7300 179142 405631 82080 10185
7400 184922 417743 85972 10289
7500 190305 428492 86064 10563
7600 195746 437984 86944 11077
7700 203406 459026 87985 11110
7800 213188 475130 92031 11373
7900 210851 476202 93283 11467
8000 218088 491324 90377 12441
8100 222073 505779 91230 12378
8200 227994 507051 92525 12512
8300 236669 523613 100263 13716
8400 238841 531464 96460 13080
8500 244430 540435 97465 13252
8600 250044 555791 96625 13417
8700 256943 568617 99852 13997
8800 261454 581974 101921 14126
8900 266415 591470 101387 14371
9000 271309 602767 102889 15013
9100 277189 616764 103039 14879
9200 283879 628306 106588 15174
9300 289385 641890 105113 15641
9400 296471 655173 106572 16152
9500 302725 668243 110040 16110
9600 308961 685031 112438 16419
9700 317241 697925 109893 16729
9800 322649 709833 111561 17229
9900 329636 728162 114470 17340
10000 335073 738896 118174 17772
