100 72700 134600 829700 23200
200 141900 501200 2201300 54900
300 326400 1097000 3528000 87300
400 644900 1952800 5018500 129400
500 811700 4605600 8840000 242200
600 1263000 4057300 8459400 341100
700 1769900 5425400 8934300 406600
800 6135400 9472200 9621700 330200
900 3096300 8450800 11178800 373200
1000 3523900 21178100 23263700 1379600
1100 6801100 16653300 12027700 463700
1200 4936700 17571000 14962400 731900
1300 8940400 26560900 28478200 1301300
1400 14633300 25261000 25660500 831400
1500 9924700 24543300 20162700 927100
1600 10730200 32817200 25828500 1817700
1700 25410300 52543400 23779500 960400
1800 21028800 51889400 39727300 1870300
1900 22911900 49242700 31835900 1543400
2000 15481600 60103700 37493600 1406700
2100 19218300 55757900 31586800 2375800
2200 31991100 57791300 27126000 1451700
2300 27064400 54217100 38947900 1754900
2400 29403900 87763000 31032000 2298300
2500 28658000 58396600 30399300 1919400
2600 27474200 58955700 29530400 1749900
2700 25061700 63493000 31494900 1859100
2800 27947600 67929100 32280200 1946800
2900 29316300 76803200 36721200 2262300
3000 31621100 78234000 34787500 2247300
3100 32891100 84299000 34508500 2422100
3200 35385500 87241300 37175400 2605100
3300 40189400 93064200 36686700 2605600
3400 39026200 101072200 41094500 2900800
3500 42287600 108006000 42694600 2878600
3600 44597000 110689100 42036600 3351300
3700 50292100 115842700 43678900 3052200
3800 49416300 135923600 42198800 3410500
3900 53006900 132229700 43193900 3548400
4000 57487800 135886200 44689200 3762800
4100 58349300 141885300 44379600 3818200
4200 61974300 149265200 46308200 3927000
4300 62903400 163294600 51002100 3959000
4400 68655300 159535400 49227200 4136000
4500 70759700 166429700 56128500 4352800
4600 73117000 182627200 51156600 4576000
4700 78540100 191083100 54635300 5276100
4800 81574600 195901300 53880700 7653900
4900 87157700 198899400 60210300 5087900
5000 87353300 206180700 57852800 5330900
5100 92898000 218991500 63466400 5410800
5200 92230400 223305100 67184700 6992900
5300 100702600 250064700 72496500 5967700
5400 112624400 236947200 64943200 6824400
5500 109548300 284929100 69392300 6270200
5600 109205400 262841300 89703200 6424600
5700 111353400 260727200 65458800 6583100
5800 117785100 269058100 69092800 6903800
5900 120623500 278363700 72234700 6993000
6000 123092100 289240400 74353500 7267600
6100 127795300 297847700 75549500 7664400
6200 132780000 305743200 69927500 7718500
6300 137106200 326019500 76120800 8824700
6400 153511100 332487700 75100300 8207000
6500 143569600 335661100 97062200 8730700
6600 158363800 353394100 80979700 9508100
6700 154789900 366782400 110667300 11341100
6800 164916600 379001500 81826700 9290300
6900 166343100 384131700 82448000 9837400
7000 173930100 390654400 83718400 9925300
7100 176521700 396608700 81074000 9920000
7200 178890900 406005200 81850000 10532000
7300 184382500 424141500 86788300 10297600
7400 188018100 437438900 83841000 12343300
7500 193773200 440758100 85782300 10950300
7600 208421200 454139800 86929500 11065700
7700 203658400 464128800 86403200 11604100
7800 209585300 480814300 108608600 11971300
7900 237299400 497796600 94382600 12285400
8000 218748900 495952300 88040500 12181700
8100 226083700 508925900 107699500 12464300
8200 240930200 529005100 92600300 12976500
8300 236688600 535836900 91641800 13097600
8400 243141000 557485000 97708800 13325000
8500 248694200 557686900 97950200 13484300
8600 254942500 578041700 108260800 13978800
8700 256524300 585749800 104355400 15143500
8800 302139800 599569800 107796000 15409500
8900 277892800 614935000 100622400 14893900
9000 278928500 625015400 104560500 15385400
9100 286730900 640197500 118744900 16423600
9200 329376600 658276300 107201000 16269000
9300 300092200 666580000 104810800 16306100
9400 303764600 680782800 107622000 17178000
9500 314529700 693080700 107635100 16707900
9600 329837000 703426000 111624000 17112000
9700 325804100 725402600 109957600 18893600
9800 333457000 741471700 111121800 17197600
9900 340805300 762027700 120765900 17771700
10000 347083300 779153700 114576100 19542000
