100 69200 124300 855000 412400
125 63900 194800 1228000 357700
150 87200 273000 1556700 452400
175 117900 361700 1736700 520000
200 143400 467300 2173900 645200
225 175300 609900 2413900 798000
250 216200 714700 2641300 866000
275 251400 855100 2991200 908200
300 313300 997300 3377600 1009700
325 367500 1150700 3632700 1124300
350 419100 1352200 4144300 1265000
375 513100 1526300 4106300 1285900
400 570700 1723700 4226300 1422300
425 612300 1998300 4436500 1497100
450 675600 2102900 4636100 1575100
475 794000 2342500 4930700 1648900
500 853700 2619700 5347600 2227700
525 1039300 2832900 6037300 4146000
550 1100100 3110400 5684700 1988800
575 1216500 3961700 7956800 2230500
600 1417400 3965100 7960100 2492800
625 1429400 4430700 9617400 4605200
650 2531100 6719500 8063300 2660700
675 1556200 4492100 7304300 2679000
700 1679200 5016200 7905200 2955700
725 1742300 5128300 10916600 3188100
750 2067200 5644900 8818700 3384400
775 2003700 6034200 8672700 3194600
800 2202300 6224300 8805400 3358100
825 2413400 8054500 12815700 3832700
850 2418400 9065400 16573300 9069500
875 5632500 10710900 10786200 4011700
900 3102100 7798100 9487600 3962000
925 3044500 8302700 10954500 4585500
950 3771900 9003000 12047700 4441300
975 3533100 10255100 18544500 9380100
1000 5729000 16137300 18240500 7650800
1025 4246700 10093900 12477900 5381600
1050 4845100 10867600 16998800 8340300
1075 5641200 16642800 18178300 6279400
1100 5233900 14284700 15134500 5609000
1125 6132800 12534800 13412600 5847700
1150 4621500 12455800 14790700 5435700
1175 5431500 13515800 16034400 5422100
1200 5484100 13817000 15383400 6549100
1225 5372100 14163300 14711700 7374100
1250 5907800 15322700 15793300 8350300
1275 9218100 32335800 19365300 6030400
1300 7740800 20731300 19003300 6755400
1325 6805900 18758700 16895800 6891600
1350 6963200 17749800 18775500 6919300
1375 10034500 22327100 15585900 7740500
1400 7022700 18226700 15577000 7154800
1425 6809300 18112000 15274400 6985800
1450 7522000 18488300 17655000 7012900
1475 7299200 18846600 15991900 7195800
1500 7753400 19424700 16337800 7345300
1525 7747200 19686300 16227400 7277500
1550 7928300 20149600 19186500 8527000
1575 8449000 21097500 16852300 7633900
1600 8336400 21440800 17163300 8176500
1625 8794000 22500900 17460200 8176700
1650 9313200 23353900 20244500 8937800
1675 9325700 23855500 17475100 8652300
1700 9586800 24557100 18190700 8562600
1725 10224200 25423100 18199400 9783400
1750 11611700 25864700 18577700 9118700
1775 11131500 26586100 19085200 9152000
1800 11041900 27270700 18764300 9254500
1825 12942800 28326500 20461000 9461500
1850 11709000 28635900 19638300 9970000
1875 11789700 29117100 19881700 9640300
1900 14407000 31282900 20974500 10105500
1925 12821200 31106100 20729400 10404600
1950 12861000 30964200 20683000 11833800
1975 14388000 32347200 21037300 11867700
2000 13431800 33064800 22105500 11832700
2025 14012300 33523200 24090700 11298000
2050 14632200 34459800 21625800 11370200
2075 14693000 35445000 22212500 11795800
2100 15768200 36120200 24658600 13022200
2125 15385300 36879300 22940100 12059900
2150 15885800 38754100 23271300 12267000
2175 16092200 38453300 23845400 12248300
2200 16296900 47184500 25237200 12239200
2225 17426300 40932200 24782300 14622700
2250 17322200 41882100 27413300 13051900
2275 17555500 41292200 24750900 13175000
2300 18242200 42684600 27603100 15980000
2325 18131800 46446900 26111700 14005100
2350 19570600 45792900 26940000 14361400
2375 19497500 45615000 27022400 13824800
2400 19628500 45963000 30345600 14338700
2425 19939900 47255000 27358100 14634200
2450 20678200 47837300 31261700 16282600
2475 23229700 52925200 27516800 14553300
2500 21591500 51015600 28250200 14753000
2525 21642800 51066200 27454300 14663000
2550 21541400 53375500 28578700 15358200
2575 22225800 52215900 28069800 15081800
2600 24273700 54046200 28418500 15465500
2625 23753600 54991900 28765900 18379500
2650 24417400 55414100 29517800 16014700
2675 24389400 58345500 29814000 16399100
2700 24596800 58079500 29706800 16313000
2725 25164000 60737900 30124300 16599000
2750 25492000 59326000 33193800 18799800
2775 26812700 61053100 30338500 16720300
2800 26536000 63928900 30807300 17238000
2825 27136200 61938800 33223200 17875700
2850 27847400 64160900 30428000 17602500
2875 29683800 67131200 31538400 17835200
2900 28698800 64667700 33976200 18071900
2925 29381300 66763700 32267600 18264300
2950 33430400 67669600 32475600 18624100
2975 30172400 71906300 33368500 18550800
3000 30190200 70845600 34868200 21749800
3025 30471300 71878800 33574400 19269900
3050 30560400 75747400 33796300 19426000
3075 32104300 74996600 33693800 19744400
3100 32502000 75791300 38159800 20324000
3125 33236000 76397000 34397200 24390100
3150 32509500 77821100 36253200 21790200
3175 36258100 78607000 38684300 22595000
3200 35047300 80543900 37155900 22809700
3225 35483300 82457100 35668600 21456600
3250 36496500 81326500 41262600 23446700
3275 36296300 85695000 39363700 22037400
3300 37458800 84588500 37038400 22638400
3325 37186000 85238300 35892100 23284800
3350 37915500 86907400 40043300 21667200
3375 39026800 88033000 37127900 22759000
3400 38833000 90292200 37649900 22581100
3425 41058600 92816100 37543400 22954100
3450 40014600 93589700 37339400 22835800
3475 41435000 94824900 37735400 23541000
3500 42865100 95997000 40255600 26078600
3525 42815400 95688400 38581500 24125700
3550 42388400 97622400 38672800 24694400
3575 43121200 100264900 39906000 24578900
3600 43338000 99734200 39780100 24695600
3625 44084400 102333000 39516600 25546300
3650 44670300 104999700 40376600 25283000
3675 45863400 104827100 39952200 25428700
3700 47054500 106386400 39418700 25396900
3725 46582800 108010500 40450200 25772600
3750 47530200 108548100 40591900 26303900
3775 50089900 108893200 41497100 26293500
3800 51789400 109447200 41322300 30017700
3825 48408500 110863000 43146700 26328100
3850 49790900 112745100 43473800 26611600
3875 51430800 115516100 41962500 27140700
3900 52769800 117177400 42065200 27593600
3925 52696700 117854700 44618000 30615700
3950 52011100 120100600 44214500 30434500
3975 55593900 118757900 44989200 34261800
4000 53086200 120846700 47664300 28754200
4025 55042000 124799100 43246800 28789300
4050 55322200 125358000 46682800 32519100
4075 57102200 126571400 46018900 31255300
4100 58506400 126383200 49027800 30119600
4125 57550100 128895300 44257500 30350100
4150 57856300 130311200 44682500 29812200
4175 58552100 132545900 44871100 30291900
4200 59354500 132157800 49210300 30790000
4225 60519000 135615400 44941900 30808900
4250 61997300 139717300 46189500 30533300
4275 64310300 136536900 51702200 31189700
4300 62703500 140804000 47588800 32269100
4325 64279200 140065300 45739000 34853600
4350 63968400 140571400 50133400 33177400
4375 64283900 146076200 47095800 32226700
4400 67128200 143868400 47903700 34550800
4425 65294000 148524900 47569400 33497600
4450 66137500 150010000 48268400 33166100
4475 67698300 153782800 49635500 33596700
4500 68346900 152785600 48375900 33514800
4525 71465700 152823800 52146200 33964600
4550 70604100 155907600 55191900 38040900
4575 70410600 157332500 54896300 38343400
4600 68855700 158596700 50491800 36983000
4625 71788900 161506900 54146900 39198200
4650 73805800 162062300 56386700 39007700
4675 74032800 163664200 55402500 39792100
4700 74303100 163835300 55839300 35829700
4725 75330200 166979400 51524800 37084100
4750 77863000 169082800 53083500 37335800
4775 76524000 170010700 55768400 36997300
4800 79013400 172250200 53733900 37054000
4825 80154700 174697400 53089000 37250800
4850 80543800 175577000 57145500 37618300
4875 81000100 177226000 54146800 40631500
4900 82429700 179704200 54766800 38237800
4925 83746300 181430600 55221400 38917700
4950 81871900 183149200 58644200 39015000
4975 83000200 187809400 55932400 40991900
5000 83906200 186092800 56519500 40043100
5025 86644500 188259400 57032500 39860200
5050 85266200 188789200 57356400 40008600
5075 88142600 189753600 59515200 40133400
5100 87618400 193421100 60832400 39902700
5125 88437200 194849800 57459500 42950200
5150 88546400 198113300 58420400 43416800
5175 89527000 202276400 62818800 46820000
5200 90521200 201393200 63424700 44745300
5225 93890200 203467700 58773900 41583600
5250 95525500 205303000 59355700 42125300
5275 95016300 206822100 63032400 46661200
5300 96710700 208979000 59463200 43522100
5325 95526000 210108000 60763000 43233600
5350 95723600 214166600 64296300 48181900
5375 99150900 213363100 60429700 44186800
5400 98753000 215066800 61082700 42881700
5425 100614400 217064900 60092100 43519300
5450 102766500 219948800 65001500 49344700
5475 103760000 221930600 64241900 45818800
5500 103296700 222855200 64811400 50520600
5525 104751100 224756200 60387100 49734600
5550 104382300 226636900 64990100 45222100
5575 105253700 230048600 71023700 50309000
5600 104850600 232222200 68550900 50974200
5625 120732200 235677800 62674500 46294200
5650 108059200 234034300 67654100 52196600
5675 109231900 237142100 62791800 49158700
5700 110163800 242301600 66967700 48284300
5725 112017300 243286600 65017300 48316300
5750 113062800 242613800 63778300 47406300
5775 113678500 244736000 64919500 50311100
5800 115115400 250550900 71953000 53726500
5825 115398000 249179500 65225600 48923500
5850 118697300 252113700 67231100 54750700
5875 115258500 256737100 70387600 54964000
5900 117018700 255651400 69894900 58763400
5925 116826600 258559900 67148900 50347400
5950 117037900 259338400 65936300 52772300
5975 122356400 259334600 69481800 51693200
6000 123261700 265644700 72200100 58750300
6025 124846700 270595500 71903800 56484900
6050 123022300 270869200 68050900 50636000
6075 127074500 269295800 71694400 52601800
6100 125162800 273335100 68065400 52675100
6125 129276600 275868900 71240600 52559100
6150 128180900 276280800 69196200 59359600
6175 128900000 283931500 70237800 53849800
6200 130523400 282456900 72319100 53820600
6225 134880100 283103600 69502900 55796400
6250 131978900 285660700 75759500 59731000
6275 133637600 286395900 74815300 55378800
6300 134514800 293926300 70711400 60967200
6325 138361800 293752000 72174000 60774500
6350 135290900 294226100 79983200 61445900
6375 137742400 296652100 77476800 61907600
6400 139377200 315281700 71581900 60799700
6425 142918100 304274600 72879700 57188200
6450 144325400 301810500 74165800 57145100
6475 145819100 304376900 74886100 57703400
6500 144011800 307656400 75406800 57498300
6525 144744400 309082500 72577900 60983800
6550 145158600 312795300 73488300 62237700
6575 144526700 318487800 73053600 58202600
6600 147881800 316288800 73360500 59291700
6625 149691200 321055200 74945600 60188000
6650 150489300 320587400 77477800 59783100
6675 148669400 322738500 84821700 61411100
6700 151371100 326348200 82684800 66788600
6725 154447200 326358200 76271200 60786300
6750 153065400 328946100 76671300 60248000
6775 156481100 331575900 77199800 61469000
6800 157746200 332809900 80317800 61387700
6825 157864300 335615100 78843100 61898400
6850 159389000 337366100 77335400 62794900
6875 161558100 343013600 79424300 62866900
6900 158329000 343015700 77916600 62943700
6925 159968900 346917300 81856000 63862500
6950 163641000 349599800 76391300 64424200
6975 165704100 351961600 77637800 64480600
7000 165349300 352868400 77062100 67666600
7025 166063100 356088300 79648500 66209000
7050 178777700 383715000 83545700 76114800
7075 171833300 366667400 81138200 69209900
7100 171587300 405454700 82774100 66702200
7125 175843700 371201300 78990400 71190000
7150 171328000 373120200 85799000 75885600
7175 174039400 370173200 87701400 74336900
7200 174958600 374123300 79447600 69212200
7225 176016600 376008900 83592100 67990000
7250 178733400 380961000 80235100 69572500
7275 181090800 381684400 82121800 68688400
7300 179957600 381408400 81181100 67841300
7325 181822100 387736300 80680700 69828800
7350 182742000 386187800 86303200 69880500
7375 182341700 390181200 80632600 72101500
7400 186044500 394721700 81057300 70062900
7425 185670400 396352700 83587100 70417600
7450 187609100 400560800 83601300 70966400
7475 188699400 403895100 82045400 74214100
7500 193280700 403121600 82912700 70989200
7525 190290600 408600100 87417400 71294100
7550 190708900 411284300 86135200 84875500
7575 192489900 412980800 88291200 76965900
7600 191361500 413068900 86148100 72331800
7625 198488800 417797300 83714900 74475100
7650 198215400 419078800 84007000 74860900
7675 202294200 422807700 84724900 73000100
7700 202887700 423734300 86418100 73955600
7725 201940300 427760000 86003100 75552700
7750 203199100 431825100 84637700 81740500
7775 201264200 433131600 93991800 85603500
7800 206314100 437926300 86224100 74469100
7825 208233700 439957600 86302000 74703400
7850 207120300 443609300 89918200 76844000
7875 210436400 441523700 89029000 76486000
7900 209967700 445819700 87676600 77197400
7925 213327400 447912600 88183900 77491400
7950 214032300 452434600 88363500 78712300
7975 213249600 455431300 89691700 77197400
8000 216337800 455893000 88838500 79319700
8025 217921000 459574900 99302100 88056200
8050 217864800 462547200 93508200 88872800
8075 214445200 468898600 87770800 79518400
8100 225712900 467661800 87533400 81962100
8125 221593500 476983000 88433900 84694900
8150 219218500 473368500 96990500 89302300
8175 225347800 474166800 92228600 81573400
8200 228324000 481553600 90060400 86747100
8225 227025500 481798400 88636700 85799400
8250 233291500 484896100 92081700 82501000
8275 227916700 489665400 91112800 83442900
8300 233864100 492013000 90178500 84091200
8325 234777000 493308900 92326300 84344700
8350 234931100 496347600 100891800 91847100
8375 235192000 503747800 91534300 86177100
8400 241524200 499746600 94390900 82704900
8425 243494200 507057200 92454500 85479000
8450 240244800 506173900 101225300 86204200
8475 247554000 509601100 94885500 87000100
8500 244378300 512372200 93195900 85394300
8525 244735100 514625000 96013200 86944500
8550 252066600 520341300 93948000 87061200
8575 249981300 522841400 109376600 93947500
8600 247764700 527995700 98468900 92100700
8625 256138100 532216300 94052700 88504200
8650 254710300 529552100 101014500 88362000
8675 251869900 533351900 94706700 91374600
8700 252569800 542686100 95631700 89556700
8725 257833300 539124200 100347400 89765500
8750 263030800 542931500 98782100 89901600
8775 258455500 550663100 100218800 90217600
8800 259667600 550177000 97637800 92596800
8825 264210000 551934400 105654200 101442200
8850 258825800 560583900 106010600 105112800
8875 261119200 559736600 107203800 103507000
8900 268760500 563546300 98645600 94178500
8925 267652900 569950400 99360500 95078100
8950 271269800 568610900 99730400 95489000
8975 269783900 570798700 100674500 94583300
9000 273913500 578438000 108051600 101731500
9025 275426000 577222900 99958300 98170100
9050 273059900 580292500 102910000 94890300
9075 284927500 586174700 101561200 96867400
9100 276307500 586185100 101027500 98276900
9125 282260700 588951000 102025900 102049200
9150 282075400 590411100 103777800 95917100
9175 283233900 593713600 105091900 97619900
9200 285301600 596340600 115312400 107677700
9225 290775400 603199800 109808700 111473800
9250 286923600 605943700 104826700 98315700
9275 289278500 611650800 105603100 99105300
9300 293246200 611481000 109855400 110474200
9325 294877500 613319300 107707300 99358500
9350 294355400 617620600 109041800 97856800
9375 298673300 623128400 113251200 111001500
9400 294093100 626412800 111295800 100642900
9425 297939500 627034600 104492500 102639000
9450 292552400 632297400 118370600 113098700
9475 297895400 641511400 105532900 105160300
9500 305683100 639174700 108890200 102098500
9525 305400900 637670700 107267500 105475100
9550 304945000 643824200 110866000 103883100
9575 308641000 647619100 114580600 113864600
9600 308315400 650152300 109512000 106104400
9625 314571700 654599700 109028200 106080200
9650 310654400 655348400 113255800 104808900
9675 317754500 670563300 119789000 115661000
9700 314045000 670292500 120043500 117419400
9725 315645900 671084900 112585100 107760200
9750 318414600 670035800 117534000 112359700
9775 315413300 673717700 109793200 107555000
9800 323180500 680025100 117490300 119318300
9825 321600000 682089500 112546400 111326200
9850 323912600 687925400 116241500 109877800
9875 328123700 682889900 117332000 109381400
9900 324068200 691805000 117240500 110460200
9925 335636400 691905600 117415500 109803100
9950 333553000 698776400 113744400 111978500
9975 335564900 704758800 113890700 111276700
10000 338146000 707268700 123646500 123850000
