100 48900 124400 824500 287500
200 139000 476600 2048900 633700
300 325800 1044900 3267900 1001000
400 553700 1791500 4374100 1390200
500 804800 2582400 5327200 1830100
600 1260200 3721000 6230400 2407300
700 1744100 4851300 7267400 2999300
800 2198200 6134100 8490200 3369800
900 2670000 7861100 9452400 3756400
1000 3427400 9186400 12303400 5559700
1100 4191400 10889400 16379100 6100200
1200 5966400 15975600 15275700 5760200
1300 5686800 16068200 16801600 6533200
1400 7210500 21478700 16385100 7704000
1500 7859400 21534000 17069600 7661600
1600 9153300 42164000 22543300 8744800
1700 9443600 25888200 22809200 10390500
1800 12144500 45506300 32482300 12632500
1900 17038200 43167100 25667200 14327200
2000 15876900 39360500 25054000 12615600
2100 20076300 44090700 23171000 13190300
2200 17372500 42556500 26389600 13232600
2300 20594100 68434900 29118000 16436100
2400 22657600 50923800 28638100 14406000
2500 21396300 52934100 28624900 15584400
2600 25556900 54714200 29196100 15672900
2700 25003500 57940800 33097200 16455800
2800 26235000 61740400 30748500 17238900
2900 31874500 65996700 31442300 18650600
3000 31255800 72637900 34918800 19298100
3100 33231100 76020200 37718200 19984000
3200 33921800 79851400 35288500 21585400
3300 40987200 83955400 35954300 21900600
3400 40155200 89587800 37204000 23047100
3500 42401300 96104800 38458900 23984900
3600 44471100 100236800 41515100 26985800
3700 47160000 104613000 39934200 25294600
3800 50552800 117591200 40885800 26809000
3900 51904400 114493800 40945800 29822600
4000 54317800 119256600 45049500 29249100
4100 56869500 128081900 44415100 29877400
4200 60544900 133822500 47798400 37886300
4300 63159800 138673500 50682200 31990600
4400 64151700 146300000 47718900 32966800
4500 70054600 152609500 55005000 34567900
4600 70804100 159345600 51079200 34897200
4700 77185500 163561000 55461400 36608600
4800 78896600 173232000 52253900 40186600
4900 81902400 178909000 54418800 38111400
5000 88091000 185544100 56600200 39580800
5100 90427200 193467300 59342500 40166500
5200 89827200 199845500 61382400 41630300
5300 93669600 210244500 63479200 42580900
5400 97987900 221461300 62906000 44544900
5500 102549900 228756600 69205700 46877700
5600 108537700 232313800 65916700 46461600
5700 111586300 238680500 64210300 46917100
5800 117814900 249399000 67236500 51626900
5900 119305800 257262800 66621800 50153000
6000 122131800 264697600 68116600 53995300
6100 125663100 273778500 71180000 53602300
6200 132267000 279401700 70875500 54624000
6300 130255400 290269600 69855400 55877400
6400 139175600 300558400 76639100 62729900
6500 144198100 306104000 75627300 58515900
6600 147417500 313789800 74271300 59959900
6700 153551300 331190100 77341100 61154700
6800 157665100 334514100 77799300 62265800
6900 159177400 344388100 79548800 63788500
7000 165925200 352064300 81206200 65775000
7100 169900700 369307900 80112900 65742600
7200 176752500 375041000 81931400 67635800
7300 182687300 384446400 81225400 68103000
7400 185268800 394994900 89381400 77845300
7500 191529100 406633800 82546600 77922100
7600 199540700 418257000 82983300 78662900
7700 197394000 425895400 87418300 73773600
7800 201995400 435964700 88513200 80459000
7900 211246000 445980900 90793800 77229800
8000 216508900 460065000 86278700 79228200
8100 225913700 465843600 88439700 81073500
8200 229802000 480015000 88014900 85310700
8300 233551900 491884500 92169700 83975700
8400 233554500 509937000 95829500 89995600
8500 243418300 511056100 96072900 85834400
8600 248688400 533621900 102277700 99493500
8700 253508400 539636500 104721600 90508500
8800 264254800 547274100 100552400 90761500
8900 269085100 564769400 101811900 92289100
9000 273743500 570649900 103221700 94496300
9100 281246500 582468300 104702600 95617000
9200 287439800 602187900 106557600 100129500
9300 288840200 609614000 103643900 100455700
9400 296708500 623113600 107706200 102608400
9500 304515900 643405900 114965200 115858700
9600 316065500 651685800 115829600 103218400
9700 321658600 665033700 112653600 109058000
9800 326947200 680323100 111421900 109023400
9900 334020000 685518500 114851600 109231100
10000 344337300 712143600 121561900 123940900
