100 45500 119000 774900 271600
110 44300 140800 1026900 340300
120 49200 170300 1304000 369200
130 55300 197800 1416600 395600
140 63800 226200 1370600 433900
150 74400 262500 1416900 427000
160 86500 286200 1700400 467800
170 95400 330100 1751500 477700
180 106900 365000 1854100 566200
190 114600 401100 2135700 587900
200 138500 448400 2002400 627900
210 142900 483200 2353400 673100
220 154100 536100 2228900 711900
230 172200 585600 2371200 803700
240 186300 639900 2547700 744900
250 202500 746500 2465900 831000
260 209000 731300 2861400 881700
270 225400 771800 2816500 918600
280 245900 836100 2732000 927600
290 338500 920500 2954700 876300
300 277800 959500 3010500 1005000
310 313100 1091300 3133600 989100
320 320400 1069000 3221700 1005100
330 351300 1129800 3456000 1094000
340 375200 1200400 3465100 1094000
350 376400 1259600 3571100 1179400
360 393000 1338100 4123600 1182400
370 433300 1421000 3969900 1523000
380 436100 1463200 4292500 1456300
390 481900 1562300 4208800 1477800
400 513400 1618400 4661300 1548900
410 561000 1708900 4698500 1609700
420 586100 1814300 4991700 1619200
430 578100 1858500 4627500 1620900
440 636600 2012200 7126000 1751400
450 687600 2760900 5868800 2077600
460 703500 2803100 7104700 1999500
470 935800 2942300 8440100 3142800
480 1182400 3547300 4950600 1764400
490 693400 2380500 5038700 1953200
500 750800 2480300 4921900 1734100
510 836600 2683600 5533300 2592600
520 947800 2647800 5891500 2086700
530 914600 2719900 5550200 1941600
540 914700 3330000 6145200 2028400
550 899300 2922700 6636300 2143900
560 1030700 3021200 6144600 2193000
570 961900 3160900 6222100 2256900
580 1020700 3209800 5950000 2135300
590 1128500 3396800 6464000 3380500
600 1235800 4125500 7654400 2305400
610 1152400 3590300 6528100 4006500
620 2983600 3687700 11564600 5523800
630 2133600 7519200 11366600 2526300
640 1276000 3942200 7289500 3131200
650 1384200 4269700 7090400 2877800
660 1408300 4119800 9928500 3991000
670 1554000 4992300 10845400 4320100
680 1774200 5554400 11486500 3340400
690 1620000 4662500 16362300 4820300
700 1913200 8983300 9797200 4380600
710 2581900 6232200 9743200 4274700
720 1663200 7702900 10824800 4755800
730 2206100 6761500 11024500 3939500
740 1696700 5118000 8842100 3082100
750 1681700 5345900 8738400 3266100
760 2528400 7150100 9719200 3344000
770 1885700 5703200 13183600 5327000
780 2100900 5735000 9685200 3423800
790 2025400 9270900 14110800 4526900
800 3491300 7752700 8753900 3331700
810 2181600 6521000 9328800 6006400
820 2641900 7910800 9400400 3676700
830 2155100 6313600 10262500 3834000
840 2237300 6487500 11747000 3715900
850 2331000 7424100 10688100 4423200
860 2252100 6796400 12957000 4392200
870 2768700 7203800 10202500 3649000
880 2310200 7663400 10214700 4513700
890 2481300 7661700 11149100 5751000
900 2598300 7267200 9866500 3690000
910 2808600 8508600 11972900 3961300
920 2646100 7661600 11490600 4546900
930 2714200 7885200 13947500 5237000
940 4197200 10453800 12287000 5077400
950 5150000 18962200 17423100 5751400
960 3083500 12646700 14938400 5497100
970 3062000 8595800 11410900 4410000
980 3092100 8609200 10687700 4636700
990 3107000 8632700 10857800 4735300
1000 3175100 8770100 11120900 4758500
1010 3115800 8904900 10092700 4451300
1020 3254700 9160000 10532500 4286100
1030 3255600 11067600 11274400 4402800
1040 3359000 9714400 10526200 4417000
1050 3386200 9606500 10560800 4586100
1060 3418400 9782200 10797000 4512500
1070 3622200 9926000 11295100 4504900
1080 3627300 10095500 11410100 4746300
1090 3690900 10467600 11880300 4881400
1100 3662500 11252000 12388500 4814900
1110 3930500 11204500 11917700 4917500
1120 3872900 10864400 12292500 4879700
1130 3967800 10900800 12212800 4918400
1140 4027900 11198400 12310100 4826500
1150 4249100 11382600 12722900 5179200
1160 4008300 11572900 13307400 5234900
1170 4131100 12001300 12531600 5095300
1180 4288600 12040200 12927300 5193200
1190 4182700 12251100 12600000 5309200
1200 4561300 12343800 12442300 5281300
1210 4294700 12515600 12523000 5532000
1220 4544400 12557800 14158500 6310800
1230 4721300 12558400 15169900 5963100
1240 4620600 12822800 13106400 5552300
1250 4763200 13332600 13197500 5501100
1260 4928800 13552600 13312800 5658300
1270 4893700 13785000 13086600 5575700
1280 4924600 14418600 15713400 6280000
1290 5001500 14268500 13936500 5798600
1300 5196900 14320600 13761000 6011300
1310 5163400 14513100 13877000 5988400
1320 5316200 14778700 14197900 5867400
1330 5539000 15064900 15245000 6434100
1340 5233500 15020200 13937700 5989100
1350 5423800 15431100 14147900 6314700
1360 5548600 15614200 14488100 6387000
1370 5674900 15603800 14307300 6333900
1380 5744500 15798100 16073900 6602900
1390 6687900 16009700 14596900 6450800
1400 5920900 16464900 15319300 6550800
1410 6298800 16757700 14752100 6354200
1420 5882300 16438700 14518800 6516400
1430 6030300 41794200 35794100 16786500
1440 13067300 68573900 43474400 15505900
1450 28184100 54018000 34238400 13099200
1460 12617400 33680900 28264600 14568400
1470 24295400 45245000 30231500 13028400
1480 12748000 35567000 88374800 39038200
1490 19772400 35525600 30097300 13974400
1500 14009900 52481800 34697400 14256700
1510 13718100 36286300 31768400 14035300
1520 13974300 62410200 37619600 14391200
1530 13983600 37946100 32008700 14261400
1540 13552100 53310600 35322900 17310600
1550 15294600 38691000 32204300 14803800
1560 16098000 54407500 38343700 14774800
1570 15011500 40834400 30574600 19617300
1580 29060800 50576500 42864100 15061700
1590 14660100 39750200 44156400 22520000
1600 16221300 40328900 31636100 15521000
1610 14748700 40333100 51192000 16163200
1620 15137400 40363600 31420900 14421200
1630 14897200 52638100 39805700 16135900
1640 16171500 43534900 32294700 15264600
1650 15270800 60295900 33106300 15339400
1660 15759600 45403000 35264700 25318400
1670 25241700 44270800 32557500 16291100
1680 16529500 43077400 52553000 17660600
1690 16364100 44233200 32503800 16026000
1700 16384300 62119300 34850600 16283300
1710 16349400 44663400 34647300 16965800
1720 29262100 50813100 33536600 16701500
1730 17366300 45710900 45773300 24373900
1740 19697300 47036400 33682400 16283900
1750 17725300 57562000 41634300 17670700
1760 18394600 47564400 34166300 16619900
1770 27649700 58968400 34667000 17226100
1780 18835100 47945900 57654500 22575200
1790 20549400 58481500 43169800 19571500
1800 38797400 61798200 40028400 20299100
1810 24192900 78862100 53369200 20239800
1820 20222300 51942800 50481200 20725300
1830 19461800 51002300 35530600 17907700
1840 21187100 70222800 37093000 17985400
1850 20003100 51444100 53804700 19486500
1860 19503100 53221700 35634900 18549900
1870 22702600 70535500 37243800 17980400
1880 20958900 55033900 57966900 18602600
1890 20751800 69866800 36599600 33486100
1900 22372900 55912700 36301700 18617900
1910 21490500 74354000 38306600 18739900
1920 22303400 55169100 52144600 33592100
1930 27248300 65467000 36503500 20014700
1940 35059600 68965000 38380900 19356500
1950 25069500 71436700 39919600 19615900
1960 21895300 58231500 52474300 27301100
1970 23543700 60934700 39309500 21076300
1980 32809600 67334400 37668000 19421400
1990 23315700 78994900 42254600 21190300
2000 24091400 60311800 50795100 27539500
2010 24458000 60551200 38985800 20168000
2020 34010300 69540700 38017700 20938100
2030 33703800 83174600 41441600 20663500
2040 23809700 61581200 60224900 23284400
2050 25331400 62360000 47625100 31515700
2060 26741600 63020100 38641300 21088800
2070 32099900 74567300 39698200 20857800
2080 25038900 82982400 42334200 21037000
2090 25026900 64796300 58411600 21678900
2100 25531100 65046500 40300200 34406600
2110 39019100 72173600 42044200 23938000
2120 44782300 76116800 41969900 21152400
2130 26553900 89234300 44989800 21508400
2140 27280500 83144500 42265700 22512900
2150 25635600 73509500 55012600 24183700
2160 27566500 68940300 58697800 27124100
2170 26676400 70592700 42804500 38468300
2180 33245900 70527200 42087000 22385100
2190 34856500 84164400 42310400 22923400
2200 28596700 92132000 43102700 23581200
2210 51300300 88815200 43962100 23033200
2220 28320900 89571600 45702900 23901600
2230 30126600 90759200 63153200 23391400
2240 28825500 85877900 53039800 27144800
2250 32978100 113329200 71269300 31754600
2260 34607200 111517400 53724900 36221400
2270 30557500 117577900 52428600 26266100
2280 33221400 106609700 47257900 26358900
2290 29488000 96097000 45890800 25189600
2300 30642800 99036700 46350400 25089600
2310 30507700 97024800 46154100 24006800
2320 31195900 95321900 47259400 27055200
2330 31102800 96761600 48185700 27844600
2340 31340900 93661800 51157600 25286200
2350 31415900 93039400 54863800 24583900
2360 31594100 90942400 57668300 25723300
2370 32262900 88997000 62811800 25209400
2380 33439400 95794300 61528000 25989600
2390 32715500 95246100 54031300 27159700
2400 33551600 95748200 55273700 26077500
2410 33415200 104047700 68192100 26747200
2420 33039100 111258700 51376500 27409100
2430 34504400 105225000 48795900 26070800
2440 35359600 104223600 49524000 26825200
2450 34068000 105059200 48535000 26093700
2460 34460900 106924400 48606200 26199300
2470 35488500 111490900 50065700 26787400
2480 37313800 106327600 49494000 27043800
2490 44917200 102314000 49938100 27001400
2500 53472100 92971300 49910200 31002100
2510 53235800 92192700 52981600 46361000
2520 39584500 92685000 68092000 29368300
2530 36592000 93873500 70252800 28408000
2540 36359100 103363000 61746700 27581700
2550 37402300 121254600 59874200 28475400
2560 37609500 122732800 52158400 29479900
2570 40333300 114862300 51567800 28412400
2580 57350100 99136400 51782100 41416200
2590 45558200 98360200 63696700 36167600
2600 39618700 97534100 74387200 29443700
2610 39353100 114911200 56044100 28147000
2620 40250500 117555700 54757200 29313600
2630 39678400 121995200 52630300 30581500
2640 59537700 103053000 53430600 40686900
2650 47043100 101252500 69690800 35698000
2660 41182400 109637500 64919100 29837400
2670 40762500 134628300 60884600 29861000
2680 44332200 132099700 53151000 42298000
2690 48957700 104077500 74653600 32841100
2700 42067900 108582000 69926700 30367000
2710 42470800 123244100 54783100 29824500
2720 43718400 124804200 53950200 30139200
2730 62319700 122003100 78360800 34695400
2740 44879900 120526200 60911000 31111800
2750 42978800 126191300 55155700 31273300
2760 51544500 120335700 54650800 43006200
2770 51152500 113311000 71710000 35672100
2780 44823500 121189200 78451100 33000200
2790 45506500 144120300 56093600 35865500
2800 62302200 112386400 76655100 38310500
2810 45846300 131153000 57225900 32231700
2820 45314600 153353100 56769400 50814600
2830 50636800 117716900 80058400 34995300
2840 63954600 122181400 61804100 45298600
2850 48734700 131859500 64037800 33254500
2860 47693600 136717800 57291600 32873100
2870 70980300 119098100 73432900 41354300
2880 49624700 140233300 64201900 35690200
2890 48258300 155531300 57762000 58506200
2900 59579400 147534900 64817600 36245600
2910 49183100 148223000 58741000 55592500
2920 52078000 140371200 64326100 35078300
2930 49096600 149669700 59200400 46064100
2940 61340000 124149900 84048000 35261000
2950 51531200 147253400 60977700 34613300
2960 72332000 129909500 83162300 35943900
2970 51304500 155360500 59935300 38813700
2980 67036700 129009900 95318700 40581100
2990 52631500 163296100 60069100 51357800
3000 56805300 140996200 71237100 36863500
3010 54862900 152192000 64893300 58407900
3020 56617900 139598400 75233300 35456500
3030 52178400 150550000 61043200 35129100
3040 71292400 131880700 86410400 39043600
3050 54232600 151789200 60532300 35573800
3060 73517500 132849400 81459800 35907000
3070 54684700 152827000 62416800 41318100
3080 67113600 141215700 93076300 38177100
3090 53206800 167826900 71496600 46952500
3100 56373700 154583600 62706900 36682600
3110 69746200 144986100 80038600 44404400
3120 60282900 155499900 62493200 36991200
3130 74770600 140058200 81560000 38308100
3140 57536400 161002000 63419200 40077200
3150 73571600 149611500 77825300 43265300
3160 56611400 160582200 63427300 59079800
3170 58420400 177778000 64487200 37693800
3180 85036300 146201500 79567000 38023600
3190 58454100 163015600 63672300 55280400
3200 60808100 165168200 64441400 40328900
3210 76250300 149238600 84142700 38641900
3220 59785700 164799400 63752800 40845100
3230 73931000 162438100 72685600 38719500
3240 59926300 166474500 75868700 48093500
3250 61722600 167863000 68850200 38985900
3260 78484800 167645800 81426700 39265600
3270 78770500 162013400 81237900 40308100
3280 63129000 169934500 64979700 58108300
3290 62214700 169042000 66223600 39371000
3300 77651900 156416700 84137200 42034000
3310 62320900 171079200 69458700 56953400
3320 67914800 171817100 65735900 39919600
3330 82839200 172100700 68740700 41700600
3340 63229000 173953900 87559700 54144600
3350 67323600 187927300 69355800 41196600
3360 84040300 171101700 73597600 40732800
3370 63244900 179798800 85631600 42896900
3380 75913900 181157300 72771000 56146600
3390 66762700 178211600 68434600 43424800
3400 83507900 183995900 68526400 45160200
3410 82839000 172804200 85669900 42093900
3420 68121200 180998600 89380600 44140500
3430 68082200 202010800 98285500 48248000
3440 67587800 183401000 74346000 57853200
3450 69076300 185798100 68326500 51463600
3460 79552000 184361600 69438900 43374400
3470 88854900 184380700 72758200 43263300
3480 82417600 176587200 89806200 47027700
3490 70262300 187760600 89633400 44502800
3500 70884600 186961200 69550600 75691500
3510 72681100 200264500 68916600 62261700
3520 72142900 192157700 68796800 48143100
3530 84874200 195452000 68994400 45852400
3540 94358400 191603400 70601800 45909900
3550 92984300 191710200 73491200 43731100
3560 86738000 187904000 80986200 44931800
3570 75253900 192197900 92902500 47601400
3580 72922700 216176500 107802000 46391500
3590 86184400 196156000 85461600 44568900
3600 81493900 192390400 92489200 45600900
3610 84095800 204280100 84526100 46281100
3620 91544000 189273300 88088100 45571000
3630 83539700 194964900 90445100 45860900
3640 82698700 194542800 94898700 45812600
3650 78293700 203514900 103531500 46691300
3660 80012700 218723600 87357000 46389000
3670 93301400 211655100 87011900 48688900
3680 97425100 212294400 75976300 47767400
3690 99689200 209628500 120222500 75520500
3700 80012100 210883300 90547700 49109800
3710 78815300 220481300 85381400 53302800
3720 81241600 226439900 107319400 50988700
3730 79669800 212502400 96404800 48999500
3740 81952400 213578000 99631300 49260700
3750 96289800 228676900 84560000 48699700
3760 107936900 223737500 75877700 63438200
3770 98725300 215295600 76703200 73192100
3780 82879100 226931600 98272000 49359400
3790 83737700 250931900 105301500 48688200
3800 105179200 233338100 75276600 59403900
3810 96023500 228255500 77261500 72003000
3820 85461400 228850400 102241700 49365300
3830 85025300 229310900 98113600 49087800
3840 99144100 229252400 75952900 49464100
3850 108370300 238939800 76298500 70379100
3860 100456200 226292900 100100900 53202000
3870 85409300 231243800 109806000 53008000
3880 113912200 237215200 77191100 71759500
3890 88423700 245670800 98590500 54458500
3900 90983100 264232200 101221800 57297000
3910 119646300 257476100 110577400 62304400
3920 105078000 237239500 81063900 52742600
3930 110302100 246791400 124636800 52690500
3940 110723400 240466800 79122600 52969400
3950 114522900 247514900 76645900 77738700
3960 91649600 235620200 96568100 52176300
3970 130916500 265629000 78965500 87670000
3980 100982100 248952100 99628900 56731300
3990 111633900 245141700 79459700 60270800
4000 105803300 242660900 97191700 54617800
4010 95601400 268214500 95076900 57027400
4020 113225300 240507900 80819300 80480700
4030 94995600 243000800 123808300 53664500
4040 119760200 247278700 96525000 97916300
4050 96584500 261344000 98931100 55404300
4060 115154000 248889800 83021100 74401100
4070 110171600 314432900 81170200 53036200
4080 118382600 252916000 115873900 60974100
4090 122703300 277746500 78560400 76246600
4100 101834000 261667600 103719500 67493600
4110 129502700 262082800 82637200 60459900
4120 124775300 261352700 112234400 56879000
4130 120356800 278576200 102729700 59697400
4140 101733400 306434700 81627700 84225800
4150 129531600 278710900 92473200 62537500
4160 129646300 269612900 113652600 56006700
4170 121109600 266303500 86940800 79764100
4180 105407600 281253400 81187600 57787100
4190 125988700 259988600 111877300 58770100
4200 126685800 281821000 106311200 75371300
4210 151346600 303481700 117017800 66826500
4220 124463900 304896500 137584400 63347400
4230 110741000 280398600 90013500 105443900
4240 113062500 297145300 87019200 57578100
4250 144820500 290608700 103162900 57889600
4260 133081000 276716800 110562500 59766400
4270 122043100 273267800 84767400 77944300
4280 109231400 273020300 109433800 58240500
4290 123027400 271490300 103903000 62137800
4300 107489100 308542600 87125300 79511400
4310 122787700 298516200 94138900 83642600
4320 114992900 273065200 110920000 59849100
4330 131010100 282310000 124872000 60004500
4340 128716200 288765100 113276000 61095900
4350 126485900 310070400 113983800 86621900
4360 127480900 290692700 86746500 120868400
4370 165777000 306714200 115038200 59611700
4380 143754700 309081000 121185600 59937400
4390 128150400 285668300 113163700 73721000
4400 135488100 332468000 115248700 65363200
4410 135708100 296841000 100401200 89757300
4420 126432900 335359900 108449700 66370000
4430 124630700 309149100 90227500 79160600
4440 114232900 316648700 91301400 84721100
4450 114947200 366821200 92806500 82558600
4460 116330200 334697400 93123200 80989500
4470 116353600 331213000 90360400 88870700
4480 123620900 309054700 90565400 61739900
4490 137250800 312577000 96403900 62916000
4500 139414600 325171700 134404400 64827400
4510 163053600 299773900 107727100 64972300
4520 142660000 310351400 123674700 63482300
4530 147077200 312933500 117629700 63486200
4540 142927200 367295800 90892100 79916600
4550 139035900 343219000 93562700 88662200
4560 117356200 325982000 106326000 101476700
4570 140171700 308442900 113469300 73445000
4580 142108100 304150900 119664100 65745600
4590 141963800 328431600 130981300 63237400
4600 142816600 338372900 106093900 79956000
4610 134668300 328086800 97299000 68048200
4620 180657400 353725300 114818100 73783400
4630 145602400 318762000 122010800 70769400
4640 193766400 396224600 138057100 67856900
4650 144250200 315719000 172690900 115487600
4660 146370500 342128100 163661100 112836300
4670 166549700 344382700 99059600 84762300
4680 135407700 395024000 115173000 70891700
4690 145014100 331879700 128585600 69778800
4700 147553700 345423500 131649600 118714700
4710 140859700 358388100 123087200 69869300
4720 153448300 361950600 118843200 67549300
4730 148647700 340746200 100577900 84548500
4740 135251600 344325500 96415500 92342400
4750 173259500 373127200 132505300 72828600
4760 149830500 378063200 126749700 119206500
4770 213180500 468972100 132460400 70761200
4780 161805400 358174000 130995400 122471700
4790 172722900 333385100 118644200 69013700
4800 198425400 410493400 133591400 72146400
4810 156951100 349616100 101668000 72301900
4820 150867900 395364300 128874500 70331800
4830 155046000 336634100 121030900 69735200
4840 167518100 403668400 99271600 118072500
4850 156396100 356048100 131558300 71915900
4860 160743600 359357600 105424000 97949800
4870 160836600 376002000 122206800 69299700
4880 156060400 364236700 102627000 96023100
4890 154409200 407763300 122609300 73967300
4900 160972300 379378300 100554000 97356300
4910 151452100 381737400 122320200 72446700
4920 164699600 369967300 150593300 102557500
4930 173214700 375587300 101556600 102135300
4940 147587400 389656100 141328700 72933800
4950 161025500 373415200 101253800 93278700
4960 155910700 362942300 123992200 71502300
4970 204324000 396818200 121089100 75058900
4980 167221700 386497800 159548400 82723400
4990 168016800 369268000 117692800 91053600
5000 150682400 374136900 120054500 74689500
5010 187476500 399142800 104803000 93555100
5020 144952600 381014400 128033600 89445200
5030 204606100 387021900 122980500 74062500
5040 163806100 379369400 102573700 108730200
5050 170753100 374873000 126688900 75507400
5060 165135400 389486500 104192400 90598400
5070 167763800 373363300 133598500 119828800
5080 164031300 374908500 124878400 74143200
5090 191301500 401052800 127388500 77140800
5100 171877000 389168800 110354000 95391400
5110 161007300 383969000 127555400 74153900
5120 169211100 387020400 104801900 110561500
5130 178820900 418539700 112949800 93796900
5140 164385200 396221500 117930400 120117500
5150 163708600 394144900 126185500 76666400
5160 173966400 411648400 124594800 96914700
5170 182811800 424530900 129651300 80437500
5180 185172900 413867500 106321200 100557900
5190 178216600 435764700 115021500 106062900
5200 173561100 427670400 124454900 107117100
5210 177553800 431008100 113819500 100322500
5220 162442700 471013600 159093900 114104800
5230 181854000 411340800 111631500 98717500
5240 184893800 425848000 116209800 98669700
5250 160352600 408365200 139047400 83705700
5260 211537300 431931300 132184700 86777200
5270 176888900 433207000 184089900 99277700
5280 193249000 430225100 125109600 114631700
5290 173637700 409802500 123172400 88812200
5300 168581800 416337300 126880000 80150800
5310 183330400 439157800 131239800 78911100
5320 180119200 414224400 134475900 80024500
5330 181349500 420613500 127986200 80480900
5340 187258900 424659100 126275600 80879500
5350 195036700 431306200 129008900 88943300
5360 183568300 419866500 108896200 100777600
5370 188018800 427657300 109330400 98486500
5380 187359300 436339300 122689600 108239500
5390 187622000 427289200 109900400 100050700
5400 175482500 434985000 116009400 98489400
5410 171484100 431777900 125480200 98191600
5420 177179300 466105200 122041800 99709200
5430 178038300 438863500 114384400 98944500
5440 176309200 435003900 118678500 97809700
5450 172060700 451607600 115129700 97516100
5460 196780800 460577200 111404200 104323200
5470 191111300 438336200 115339000 101616500
5480 189193100 446451900 111262100 101399700
5490 194981000 452414900 123153800 100597400
5500 191817900 438172100 131232800 86973900
5510 194544900 443249000 129979300 84444800
5520 193254800 442659800 139121800 86424800
5530 209372300 457334500 132006900 82809200
5540 194085700 446125800 133329100 93425600
5550 188579700 470809100 116580000 102059400
5560 196801900 466056100 114489800 118565300
5570 199238400 456361800 132710200 87807300
5580 198414800 455446800 135601100 85140600
5590 196846400 456444000 135504800 94011200
5600 213245900 485522200 114863300 104604100
5610 201664300 457359900 135818200 93056000
5620 200147400 458586600 134493200 85677700
5630 200173100 506718800 117746500 107592800
5640 199189000 464992900 131939100 90536300
5650 200836400 461691200 133905600 85727000
5660 203510600 470832200 145886400 128747000
5670 219063600 476140300 137843500 86451600
5680 201665600 462525200 137320500 88937800
5690 202160500 484536200 116618000 111136300
5700 217636300 484155000 136441800 91131600
5710 205535000 469542500 133382500 98905700
5720 198197600 484668600 115983800 113081700
5730 205356300 504475500 137970900 88211700
5740 207896900 506205300 118774600 117161600
5750 244820300 498439000 147870100 100550900
5760 211428800 522881700 135105900 91110100
5770 210876000 478524900 138833900 103204900
5780 207117400 490403100 139953300 105889100
5790 218240300 496182600 83358000 48231600
5800 104808600 238775200 73680600 49001400
5810 105665400 244852900 71314900 48896100
5820 104235300 239543000 67467400 46865800
5830 105216000 244067400 64961200 48247800
5840 103518200 241891300 64671000 47947200
5850 105776500 242149400 65146400 48501800
5860 105780500 242773300 63817900 53612200
5870 103781000 244866900 65669500 48849200
5880 103396500 245873900 67178700 49091700
5890 105171500 247121000 65858100 48388300
5900 107115400 243913000 73003800 59390700
5910 118628700 252445600 74952200 51654400
5920 109830600 250976800 67557800 49460900
5930 108320800 265701500 65461000 54541200
5940 107554900 250415000 69371400 49781200
5950 107327200 253008900 63770800 49955100
5960 113862100 255034000 67570800 50484700
5970 110835700 258767700 70187800 51867900
5980 108780500 254988700 67447800 50034100
5990 112026700 254800300 65466000 52150900
6000 108443500 254156700 70766100 49057100
6010 109275900 256853600 65328600 51052600
6020 111788400 255020400 65535400 49296400
6030 113756900 255906800 67572200 51115800
6040 111945200 257044600 69418700 51352000
6050 113950400 263435300 66557900 49824400
6060 110931000 258883700 64870500 53135900
6070 112942200 259385400 68481700 50984300
6080 114459000 259668200 66538500 51079100
6090 112943200 259958900 65492400 52432400
6100 113255700 260269400 69843500 51551800
6110 110163500 266393800 66420600 51398500
6120 115806100 262765100 66367000 53880100
6130 114371300 264619400 67965200 51990100
6140 115357900 266338000 66683000 50478000
6150 113773800 264389400 68590300 51941800
6160 116205900 266855300 68174900 52139900
6170 115878900 267651500 67589000 52440500
6180 117298900 265596800 71008300 52647000
6190 116193300 268337400 67353700 52888800
6200 117660400 269315100 70480800 52013400
6210 119884200 270124300 67708900 51871700
6220 122292300 271616500 69338900 54275200
6230 117344400 273659200 68158400 52984300
6240 120017800 272656500 71238800 52301300
6250 119140400 275048200 67708900 53452700
6260 118369700 275565600 67201900 55775700
6270 118343400 275305400 71092200 52367100
6280 121718200 277702200 70384600 52295300
6290 121966600 277772000 72408500 53373800
6300 121897800 277747600 67754900 53907600
6310 122727600 278439400 70721900 54423900
6320 120378100 281148300 68921500 53807000
6330 122511700 278643300 68420500 56633900
6340 122431000 283253900 69976200 53788600
6350 125478500 282526800 68818800 56303900
6360 121306200 284480600 68006400 54181200
6370 125298800 284299100 70992000 54940700
6380 124066000 285951200 69532200 54186200
6390 125550800 283934200 72629000 54401900
6400 122779000 293516900 75270600 60933300
6410 124824800 289308500 73571900 56104700
6420 128422700 289991300 70951800 58201500
6430 124075200 290284700 70129900 54113000
6440 126422700 288393300 72689900 55316400
6450 130671100 293009000 76332900 64178500
6460 126866600 297902400 70160900 55169800
6470 128650200 291931600 73447300 56336800
6480 127108000 292648600 75665000 60658800
6490 128630000 297198800 72018900 55810400
6500 130402700 297620700 73536400 56269300
6510 128626700 297798300 74114700 58910000
6520 127968000 297406100 70504700 55053500
6530 130337800 295325100 74403100 55973200
6540 130812500 299420400 72276900 57397900
6550 128339300 301065600 70231500 66191000
6560 130866000 304237400 70419900 56989100
6570 134702700 301263200 74434500 57760900
6580 133757000 301974900 75142400 63088700
6590 132161600 302504300 75598900 64227300
6600 131867200 304320600 70595800 57208000
6610 135342600 305412400 71404300 56263800
6620 133064700 306173700 74338500 57117600
6630 135692300 306204900 75132200 56825700
6640 137885500 307412700 70755500 61626300
6650 132795800 308562000 71475800 58488400
6660 134209600 308317700 72196000 58581700
6670 135564200 307982600 77388200 57412700
6680 137383300 312225900 70827800 61968800
6690 138254200 313660800 72046200 59201700
6700 137269400 311875100 72237300 57566300
6710 137257100 311975500 73132000 61001600
6720 137881300 315174900 79815800 58051500
6730 143194400 315710900 74709200 65414000
6740 142326200 318012900 70629400 62318700
6750 137373300 320333400 71813400 61516600
6760 136679100 318828500 72479300 59208300
6770 140484100 320792500 72387600 59798200
6780 142789600 319316400 76125900 59469900
6790 139444600 320158600 82758000 65034400
6800 142880500 321252300 76577400 59200500
6810 144069900 321115500 75266500 60211100
6820 144522000 322900300 72734300 63770400
6830 139461200 331381800 72879600 61511100
6840 140030500 326801300 78465700 61750900
6850 141263100 328233600 78474100 67841100
6860 142636200 326781100 74623000 61438100
6870 143543400 327693700 74432800 61892800
6880 148479500 330590800 80396400 67362500
6890 146606800 329245900 74160200 61001300
6900 145838200 332705200 73993000 61431100
6910 149729300 333048800 74523800 61315100
6920 146296600 335439400 75484700 61263800
6930 145651500 334945900 75291200 61026300
6940 148275500 337332900 73739000 61694300
6950 147347600 335843300 74463200 62889100
6960 149927800 335965200 75140600 62090500
6970 151417400 338797700 75269100 61693600
6980 148124100 337927600 75399600 61092200
6990 150656900 341591100 75015700 62742200
7000 150821300 342307400 75882100 62768500
7010 150181400 345105600 76042900 63614200
7020 151193200 341482800 76057600 63248300
7030 153686200 342676100 75776400 62814200
7040 153260000 344652800 76034100 63802200
7050 151016400 346117700 75049400 67045800
7060 149146500 346924600 74719400 65981300
7070 149542500 348002700 82008800 63469100
7080 152458000 345205800 80597400 63251600
7090 154466800 349784400 76834200 64511000
7100 156027600 350725400 76423100 62694300
7110 157628700 350270400 75914700 63415600
7120 155147800 353789300 76417500 64157100
7130 156615800 353175800 76166800 63418100
7140 155607600 354994000 76497500 67179300
7150 154160700 356675900 76642100 67305400
7160 160259600 353811200 86708200 72538400
7170 160420200 358472100 77048300 64937100
7180 159071100 357383900 76833400 69032400
7190 155109500 361728700 77611400 66177800
7200 158593300 356563600 80201200 64291500
7210 159396200 365328000 77084400 66060600
7220 159960900 362838400 77464400 68964000
7230 159098600 362130300 76646600 68376000
7240 159696700 360750000 81148200 67685300
7250 158079500 363209600 78189700 65084500
7260 163738800 371419300 77793600 67633800
7270 162166200 368770700 76728500 70522500
7280 159213700 365113400 80340700 66616500
7290 164299700 366628500 78363900 65271600
7300 163219500 372567100 78193500 71101200
7310 163009700 370602900 82199500 66131900
7320 163512100 371612300 78796700 67135500
7330 165030600 372047400 78479600 67963200
7340 162647600 371850300 80999400 68400200
7350 165505700 372467500 79159700 68068100
7360 166492500 376529000 78769200 71437400
7370 165768000 375900500 81072600 67907400
7380 166983200 375995800 78971800 67481900
7390 167266200 378937400 79175400 69606400
7400 169049400 377746300 82280100 66889600
7410 169065100 378541900 79957700 69536400
7420 167196600 381106000 80285300 76814800
7430 168178600 379375400 79391200 68577600
7440 170352500 384027300 78979100 68973400
7450 168586100 380603700 81758400 75096900
7460 215969400 398951800 81331200 69369000
7470 170017900 387401800 84699400 69037400
7480 172202200 387812100 84593300 77357200
7490 172525400 385964400 86513700 76256800
7500 172383300 389375200 86272300 78882900
7510 173728100 388460600 88573900 77629200
7520 174474400 392689900 85260900 79057700
7530 171546500 388325600 88506000 77637700
7540 173670200 391728600 86469400 78894600
7550 175190200 391081100 87980000 76599500
7560 176102000 400949600 86455200 78995900
7570 175893600 394835900 90090900 77036000
7580 174709800 397872200 80090500 72762400
7590 175629600 399695400 83020200 70680500
7600 175433700 403856100 82265700 71203000
7610 176154700 398662500 80504500 70174100
7620 180879500 401803600 86316000 74214200
7630 178326300 399543300 79822800 73656900
7640 176614400 405271800 85050500 72846200
7650 179116100 401297800 87142500 80263700
7660 176941700 404928700 89857400 80501800
7670 177488900 406785500 80387400 72698900
7680 176842800 408959200 84720600 72046500
7690 180644600 408544900 89031400 81026500
7700 183650000 408037200 81187600 71806200
7710 180337200 412238000 84902200 73230200
7720 179646300 416301700 81621400 73991400
7730 183723600 410415800 85047400 73320300
7740 192107900 412671000 80227400 74381400
7750 179875700 413872500 87518600 84529600
7760 182417500 418189200 92531300 81850900
7770 184782800 419736200 89882900 81584400
7780 186980900 416916700 81835000 74696100
7790 185471800 418275700 82142000 74057100
7800 186522600 422038600 86294600 74188900
7810 185753700 420261900 90387000 74611900
7820 186092300 417569400 81499400 74192500
7830 186627900 420975300 85073700 74560400
7840 188635500 428421800 84459000 74528700
7850 188823500 425320600 89525200 82762000
7860 188280500 423419200 89318000 83431400
7870 188592900 427565500 81403500 75235700
7880 187818500 434096900 86098800 75713100
7890 192178900 426299500 89247800 83086400
7900 192088400 431090500 90073700 82693000
7910 190675200 431188700 88420300 79619700
7920 190869200 432666400 89292700 85781300
7930 193490900 435456200 90779600 83861500
7940 192012300 431801900 93300700 76022300
7950 192294100 431960200 85952600 75310900
7960 198258200 437784200 84947400 75823900
7970 192518200 435706100 83201000 77803600
7980 192788700 438200300 83167400 75775500
7990 195449200 440279600 88673300 77548700
8000 198452500 440408700 86571600 76372200
8010 196593100 442327500 93476400 84342400
8020 192073800 443058000 84908700 78491400
8030 195730400 444536400 84303400 81416300
8040 198638700 441607600 83089200 78954500
8050 197899400 444141700 84496700 78333900
8060 198641200 447335400 91843100 85802600
8070 193948700 448805900 85128600 78285200
8080 199477200 450341300 91428500 85458500
8090 198735300 453002400 84712500 78003400
8100 198677500 448204300 85108200 76937200
8110 201371000 454360700 93277800 87491100
8120 205099900 454464800 96576100 78797700
8130 200657100 454601200 92617100 85273800
8140 203271300 457842800 92787600 88901800
8150 203872400 453238700 91810100 87376700
8160 201204800 454995500 85685000 79549600
8170 203667400 454832800 85494300 83660400
8180 206442300 462201400 85460100 82721300
8190 201251800 461908200 85506000 81266300
8200 204572900 459600700 86196200 81187100
8210 206527500 460669900 85314800 80119900
8220 204091900 462123500 86082000 81267400
8230 205597000 464651500 86404700 83661500
8240 209258200 467096100 94414900 89237600
8250 211087200 465388000 88168200 79921500
8260 206615300 465905000 89761000 80168500
8270 207841500 469101800 88277400 81104900
8280 211777000 467024500 90203600 80878700
8290 208843100 475037800 87426600 80674900
8300 207988500 472838600 86309200 84682900
8310 211027200 470857600 87270000 81642900
8320 212914700 471842400 86376000 84185500
8330 214074600 476016400 86990900 87378300
8340 211987200 476696000 89488100 93101400
8350 210808100 476284600 95979300 89821500
8360 214315900 485393400 94221800 94537800
8370 216511600 483951600 93701500 85777200
8380 213618800 477656900 98613400 89469200
8390 222220700 483344400 98332000 82161600
8400 218456800 483135200 95013600 80728200
8410 216283200 485290900 88109800 83174400
8420 213727800 487674600 88466800 84075700
8430 216273100 487046900 88822100 85844500
8440 217850300 486324300 87397200 84804800
8450 217266400 488994500 90419300 84421800
8460 219288000 488807600 95527500 83602900
8470 218785600 492004500 91241400 82696100
8480 220633600 491074200 89113700 85351000
8490 217195900 491336100 89441200 91006300
8500 225190600 495275100 91342800 83604500
8510 220376500 493012900 91920200 84379400
8520 223661500 493715000 91000400 82034000
8530 222321800 501342300 90925200 85455100
8540 225357100 497570500 93271300 86604300
8550 223818600 498162200 93117600 84744400
8560 224461000 501451600 91198600 83047000
8570 225157200 505290000 98355200 96192600
8580 228064200 501683800 93307200 85333100
8590 226413300 503524500 91811100 86597000
8600 221866700 508469000 90283700 86140900
8610 225546300 506835700 94528500 85631900
8620 229069100 507654200 92726000 84260400
8630 228673600 511584500 92265100 87303600
8640 225951700 509491400 94249000 86003100
8650 230320800 510401700 95538600 86785000
8660 228264700 512475500 92923200 88377600
8670 228903100 513805700 93560600 88339500
8680 226603000 514579200 95951900 87875800
8690 229727200 515619600 92212400 87497200
8700 231795400 515639800 95297700 87219900
8710 230639900 518542500 93625200 85386900
8720 234918700 518737800 96279600 88141800
8730 231787700 525151500 94390400 85489100
8740 232494200 525036300 93832600 89435400
8750 232167200 521208200 96650600 86609700
8760 232577400 527564400 94353800 92506300
8770 234961600 524670000 98155900 87830600
8780 235988300 524960100 94889200 88718900
8790 234212000 525561900 100647200 88508300
8800 236152700 529511600 97362800 88164900
8810 235536600 529915900 94021200 88639100
8820 237782800 530669900 97475100 88615000
8830 238944200 536793500 94641000 90771800
8840 237055600 534266800 98858800 90150700
8850 239308000 535586300 95177900 90697600
8860 243108400 543063800 95753000 90285800
8870 239217800 536305500 105305300 94902100
8880 244608600 539251200 95635900 89985200
8890 241318400 544156900 96840900 93697900
8900 240702100 538112200 98213000 88863300
8910 242926600 539117400 95987800 91540200
8920 244587800 548174700 97278000 89737700
8930 241427700 539345900 98932900 90326700
8940 240867400 543556400 98706600 90709400
8950 245580700 552526100 95803800 92562100
8960 247421800 544915400 97577200 91690300
8970 243443600 548580600 102333000 92428200
8980 245948500 550046600 102658100 92620100
8990 245979000 549635900 98939100 102802900
9000 246684900 553038800 97262000 92194800
9010 249869500 554583200 106153000 97067200
9020 247130400 552921300 97847900 92623300
9030 245952900 555015200 97800600 92611800
9040 248132200 554371100 105380100 92557900
9050 254721900 557511800 99778800 91255100
9060 250139700 560592100 99519400 94671300
9070 251047600 565235700 106572500 100555600
9080 255757200 560259900 98782000 92932300
9090 251503200 560562100 104112000 93448100
9100 249974500 564745000 103767400 103202100
9110 256194600 565994900 99382200 94775400
9120 253049700 566919900 100729900 95641800
9130 254294300 570020700 99744700 95890700
9140 256157200 566130100 99889600 97025100
9150 252062800 573499500 98315400 94832400
9160 258632400 573208000 111865700 105591900
9170 260438800 572316800 101056300 94302300
9180 260011500 572046500 102044300 93454200
9190 251827500 577382100 103992700 96026000
9200 258942500 574934100 98412700 97189600
9210 256584800 579508100 99216700 97091400
9220 258609000 587629200 100851500 96839000
9230 256507500 762058400 114091600 112166600
9240 264548800 634638700 119650100 113264700
9250 291358100 609025500 107583800 103959100
9260 274250000 612918900 101753600 106941600
9270 273926200 612356300 119122800 102621700
9280 294304000 603689500 102635700 100242000
9290 264891500 605705300 111687700 107120300
9300 269928300 607743500 111667700 98779300
9310 274165300 606813000 102338200 112958600
9320 292011200 644036600 105933800 98566000
9330 276983800 606396400 105831900 102392800
9340 283087200 597859100 103421500 101968600
9350 263431600 598782400 102425000 102742100
9360 268732200 615431700 104770000 99150300
9370 269085200 610868800 122609700 99883200
9380 274473900 616965900 102817600 99018900
9390 274508000 605893500 103556500 99584700
9400 276206400 606694800 103879400 101829500
9410 283165600 611162800 111896800 99238200
9420 277767300 612179400 105658800 99497000
9430 272284500 622237000 104161700 100634000
9440 276688800 625772300 111241300 100045800
9450 276506400 613588800 106273500 99629300
9460 277733700 618017700 113564700 110439700
9470 275434200 625647700 105354700 102543900
9480 279757200 615097900 105719100 101361500
9490 275147900 621718000 112036700 99215000
9500 287918800 627766000 104957100 101418500
9510 287579800 621623900 110886800 103468900
9520 281919500 640667700 107713700 102799800
9530 292943300 631062800 105756200 101939000
9540 280925900 626243700 105143200 118090800
9550 283922600 645754400 109477700 101996600
9560 276898700 633446000 104867300 103981300
9570 282461700 647818500 108147600 106862100
9580 282283700 636476200 107214600 102175900
9590 282569700 642425900 105289400 103757200
9600 285130100 626420300 109735600 102731900
9610 288120100 628783900 106213600 103245700
9620 287403100 636947700 108759500 105919800
9630 294761700 650266600 106427200 109499200
9640 289085100 649921500 108821800 113147300
9650 299344500 672486500 118092900 115461000
9660 300476900 644093200 106576700 106716900
9670 288214400 652744900 109735200 108302600
9680 297877800 646744900 111157000 104421200
9690 294257100 643562700 108031600 103842800
9700 283599900 642673600 116339200 105015500
9710 294215100 641563600 107333700 106511900
9720 299983000 657186100 113164000 103877800
9730 302330400 643534700 109382400 111891600
9740 288366300 649709500 116648500 112749300
9750 294715900 663636800 112300200 105441600
9760 299357500 660471200 110663000 105571500
9770 295529100 653023700 108762300 106685100
9780 306223800 660386700 113279000 103542000
9790 296628900 658096200 110924300 106660600
9800 292648900 661675300 108649800 108822100
9810 303404300 673051500 113479400 111637700
9820 307256700 660941600 118245100 105499900
9830 310224500 656588400 113980900 109448600
9840 309241700 666653300 111736900 110249100
9850 301712300 677469900 111436500 110106600
9860 297696200 679267600 114475800 109781100
9870 300081700 677860200 109644800 108731800
9880 299226600 669863600 112369800 108874900
9890 306624300 669445000 126559700 107444100
9900 311281000 677724500 114666900 107171500
9910 307609200 678635100 111807900 110751800
9920 304226200 676868800 110826300 107532100
9930 299143600 688819000 121102600 105713000
9940 307767100 699929400 115851900 116653800
9950 308268600 691245500 114815500 108360700
9960 313922100 693870300 113846400 113138000
9970 314480100 678709600 114538200 109743800
9980 315356600 687442600 110067800 113554600
9990 313401200 703088000 110547200 111952000
10000 305583500 696971000 112298700 110770600
