100 46 23 122 13
200 139 54 254 30
300 325 87 383 51
400 565 123 530 74
500 821 162 660 99
600 1298 220 858 141
700 1822 242 969 144
800 2254 279 1142 189
900 2729 321 1296 221
1000 3537 360 1643 254
1100 4293 427 1606 271
1200 4913 445 1780 366
1300 6066 492 1927 367
1400 6988 531 2099 413
1500 8087 580 2287 434
1600 9231 639 2522 514
1700 10339 720 2787 562
1800 11700 751 2930 589
1900 12693 751 2989 584
2000 14384 798 3169 669
2100 15663 840 3414 748
2200 17307 912 3703 744
2300 19371 934 3878 833
2400 21893 1160 4760 1019
2500 23054 1115 4346 927
2600 25300 1280 5176 1028
2700 29457 1292 5158 1234
2800 29784 1203 5061 1136
2900 33086 1240 6287 1567
3000 36199 1431 6790 1653
3100 39394 1420 7981 1328
3200 54682 1465 6967 1438
3300 40096 1433 7558 1573
3400 60008 3665 14588 1792
3500 60830 1586 7792 1747
3600 56056 2275 8298 2220
3700 59773 2121 7740 2127
3800 62261 2236 8899 1936
3900 61635 1694 7740 2092
4000 61252 2340 10614 2200
4100 69989 2033 11036 2721
4200 88054 1874 10424 2236
4300 68907 1883 9084 2324
4400 66492 1943 9184 2373
4500 70694 1985 9813 2520
4600 75382 2032 9887 2649
4700 77755 2128 11116 2751
4800 81135 2131 10814 2766
4900 84388 2223 11592 2911
5000 89091 2265 11311 3115
5100 92624 2282 11983 3114
5200 94010 2339 12373 3341
5300 100498 2388 12502 3335
5400 102155 2431 12887 3424
5500 105987 2496 13140 3504
5600 114233 3064 14091 3725
5700 113576 2601 14008 3673
5800 119838 2617 14340 3915
5900 124135 2620 14825 3951
6000 126069 2742 15359 4024
6100 130208 2801 15571 4208
6200 135671 2804 24354 4425
6300 138692 2897 16860 4561
6400 141442 2927 18783 4672
6500 148760 2970 16789 4901
6600 154661 3050 17628 4770
6700 159105 3098 18097 5065
6800 163476 3167 19000 5182
6900 171171 3202 19360 5343
7000 174881 3240 19913 5496
7100 177550 3296 20456 5608
7200 184529 3354 20967 5716
7300 189956 3494 21279 5885
7400 193456 3456 21753 5984
7500 209445 3506 22705 6006
7600 205601 3470 25704 6528
7700 209104 3762 23384 6345
7800 214412 3667 24208 6600
7900 223240 3711 24622 6628
8000 224024 3740 24497 6779
8100 233606 3876 26311 7035
8200 237021 3870 27363 7109
8300 244129 3923 26451 7372
8400 247231 3874 27759 7689
8500 259028 4024 28917 7707
8600 262120 4161 28851 7755
8700 262535 4121 29685 8064
8800 274195 4078 29345 8155
8900 280077 4255 30015 8130
9000 287027 4290 30791 8556
9100 293043 4230 33941 8833
9200 298250 4401 32648 8871
9300 303722 4488 32500 9179
9400 321221 4512 34575 9436
9500 319870 4557 37206 9537
9600 334221 4711 35072 9642
9700 341474 4667 35904 9930
9800 348304 4735 35260 9993
9900 350857 4778 35880 10145
10000 353983 4836 36224 10410
10100 364596 5092 38174 10490
10200 365908 4951 38363 10941
10300 376511 5106 38389 11002
10400 406960 5088 39400 11496
10500 393380 5097 41288 11439
10600 398537 5153 40801 11512
10700 406863 5210 40031 11948
10800 409330 5257 40500 11838
10900 415647 6359 41487 12090
11000 424168 5383 41843 12420
11100 436554 5288 42114 14101
11200 443825 5533 44085 12700
11300 448131 5404 45648 13712
11400 457282 5771 45551 13240
11500 462215 5670 46891 13510
11600 473831 5725 46765 13696
11700 484188 5659 47834 14079
11800 493978 5873 48292 14138
11900 494531 5920 48138 14833
12000 507735 5933 47681 14294
12100 543143 5971 49886 14936
12200 524114 6029 50798 15295
12300 539562 6149 51430 15324
12400 544775 6218 54094 15803
12500 557859 6196 51468 15741
12600 568872 6246 54336 16190
12700 569609 6290 52764 16341
12800 578248 6350 54189 16043
12900 584667 6425 55393 16781
13000 596667 7657 58269 16906
13100 605173 6538 57306 17314
13200 614999 6437 55513 18596
13300 631129 7934 61088 17493
13400 635768 6678 57993 17924
13500 639119 6704 59913 18092
13600 651055 6602 60221 20368
13700 664744 6853 60075 18686
13800 665682 6770 64753 18665
13900 681130 6984 63131 19366
14000 693845 7000 61270 19743
14100 704268 7052 61855 19541
14200 716716 7007 62595 19933
14300 722754 6983 63352 20320
14400 733974 7240 65065 20338
14500 738017 7272 65649 20382
14600 752586 7282 69642 21140
14700 770386 7409 66552 23033
14800 773329 7307 71577 22094
14900 780445 7533 68506 21811
15000 809088 7538 68808 21968
15100 814632 7566 72928 22331
15200 824852 7678 69979 22160
15300 822697 7952 74150 22427
15400 837222 7798 72063 22869
15500 843379 8056 74076 23317
15600 868538 7901 75848 23845
15700 880454 8059 76593 27276
15800 882586 8010 77040 24067
15900 905849 8059 76591 24708
16000 910989 8123 77434 25688
16100 933909 8204 78518 25224
16200 941338 8350 79116 25480
16300 946412 8264 79109 27642
16400 955907 8560 84387 26861
16500 963922 8484 85691 26632
16600 984515 8405 82198 26846
16700 995261 8424 92506 26985
16800 985378 8582 84259 27937
16900 1013106 8632 85029 29005
17000 1016270 8719 85547 27993
17100 1032583 8783 91950 27682
17200 1043144 8784 86891 28428
17300 1053262 8905 88437 28830
17400 1069526 9943 93411 29542
17500 1095258 10123 92698 29653
17600 1095037 9041 95022 30059
17700 1123107 9745 97035 30210
17800 1130438 9381 93576 30599
17900 1142259 9467 97374 30960
18000 1165990 9230 97650 32763
18100 1154360 9383 100235 31723
18200 1213691 9429 100850 33584
18300 1191721 9508 103881 32301
18400 1202885 9564 101391 35542
18500 1238980 9635 100784 33112
18600 1227569 9652 104637 33160
18700 1243923 10090 110236 34084
18800 1261427 9735 115421 35451
18900 1420916 9794 108547 34429
19000 1277084 9937 111279 34791
19100 1343802 10482 120981 35075
19200 1298827 9955 108000 35526
19300 1364849 10545 115179 36559
19400 1393463 10062 120583 36165
19500 1388510 10462 112596 36091
19600 1366649 10170 120881 37601
19700 1434256 10315 121824 41314
19800 1399855 10907 123214 38266
19900 1400843 10337 113758 37730
20000 1443490 10440 116592 40881
20100 1433009 10433 113894 37825
20200 1471248 10565 120786 40999
20300 1474154 10694 117332 38585
20400 1524341 10680 119425 40223
20500 1499696 10699 119409 40216
20600 1513846 10935 125810 41130
20700 1530385 10857 126706 40881
20800 1695186 10979 130997 41286
20900 1680395 11473 154907 47917
21000 1589773 11798 123425 41436
21100 1561257 11068 128567 44214
21200 1585375 11410 128313 42755
21300 1616956 11095 129997 42997
21400 1619007 11220 135990 43363
21500 1671604 11331 134187 43751
21600 1666566 11320 130896 46350
21700 1671868 11430 134032 45353
21800 1689119 11452 143401 45155
21900 1677356 11537 137701 45214
22000 1713095 11559 138095 46011
22100 1731170 12056 160051 47709
22200 1793866 12075 139311 47244
22300 1815348 12202 144912 46948
22400 1866243 11918 144671 48838
22500 1841929 13433 166037 48002
22600 1888080 12690 149183 49526
22700 1844059 12074 150281 48952
22800 1857880 11798 156300 48976
22900 1848380 12090 146636 49623
23000 1865696 12162 147713 49870
23100 1865651 12185 148807 49824
23200 1902438 12054 151461 51601
23300 1925518 12468 156977 52316
23400 1954333 12418 156183 51605
23500 1955585 12427 153848 52135
23600 1982143 14541 157712 54269
23700 1969696 12415 156224 52733
23800 2004194 14082 160588 52785
23900 2016159 12372 163553 53331
24000 2040247 12775 161995 54357
24100 2043361 13015 161996 54679
24200 2090784 13010 161554 55023
24300 2084090 13048 162505 56925
24400 2110118 12970 165270 56135
24500 2110729 13167 167594 56873
24600 2154452 13164 166938 56729
24700 2160669 13386 171401 57501
24800 2177543 13410 171978 60929
24900 2205105 13305 176388 59792
25000 2214619 13353 176375 58700
25100 2237583 13356 172319 59314
25200 2254180 14111 173272 61129
25300 2271689 13671 179216 59852
25400 2283196 13619 178656 60421
25500 2309068 13886 182544 62246
25600 2309369 13822 201929 77168
25700 2368704 14433 191944 64331
25800 2353069 14050 191706 61938
25900 2376780 13926 193720 62616
26000 2411614 14134 186572 63731
26100 2424221 14061 187614 63639
26200 2655915 14112 200741 65285
26300 2462718 14129 194761 69333
26400 2546980 14856 194065 65848
26500 2497484 14310 193601 67273
26600 2522689 14680 201740 67898
26700 2535160 14662 193923 68188
26800 2560965 14450 197431 67847
26900 2644147 14566 206868 69028
27000 2574464 14257 198908 68481
27100 2627116 14374 204835 72061
27200 2760875 15622 226743 69961
27300 2886610 14775 206356 69623
27400 2730683 14755 209476 75964
27500 2744205 14891 204292 73670
27600 2725382 20812 207551 75067
27700 2741104 14959 210838 73035
27800 2780384 14987 240640 94496
27900 2827974 15080 217611 75384
28000 2858315 15128 222029 75281
28100 2819220 15446 222689 74353
28200 2894480 15315 225940 76107
28300 2861791 15513 228452 83254
28400 2950494 15388 227594 79661
28500 2915617 15372 224584 78326
28600 2932342 16197 224174 77273
28700 2969603 15552 228459 80227
28800 3171691 15772 234314 79147
28900 2988603 16513 235987 78074
29000 3016747 15698 235987 78314
29100 3024557 15781 242270 82077
29200 3023874 15802 234572 79356
29300 3078271 15884 234761 80862
29400 3060589 15572 238683 80227
29500 3090594 16025 239491 83088
29600 3123211 17990 236976 83245
29700 3162966 18204 239364 83935
29800 3178944 16176 245307 83215
29900 3208431 16226 251867 84109
30000 3187559 16719 254356 83074
30100 3231887 16347 248549 89542
30200 3239634 16038 249716 85479
30300 3267411 16531 251152 85459
30400 3312657 19397 257421 86297
30500 3328405 17587 260290 88642
30600 3381038 16768 261166 88881
30700 3436898 19532 261317 87941
30800 3381542 18783 258489 88875
30900 3563083 16887 261863 93192
31000 3444458 17480 279641 90215
31100 3505226 17182 265806 89356
31200 3528312 20461 269987 90167
31300 3760706 17340 272061 96147
31400 3585106 17262 273429 91812
31500 3643810 20278 306780 94500
31600 3791850 17358 276252 93413
31700 3600338 17389 281879 95235
31800 3598203 17795 280289 94201
31900 3653111 17335 278831 96122
32000 3691070 18326 292329 99105
32100 3707459 20893 282394 96167
32200 3838325 17679 285945 98567
32300 3841881 17733 285800 100918
32400 3882936 18026 290288 101209
32500 4180745 17827 289662 102168
32600 3833793 17816 292463 98296
32700 3830909 18449 291530 99423
32800 3838590 20956 291557 98951
32900 3873196 18024 301905 100812
33000 3898123 18076 302017 100723
33100 3928592 18206 314607 104280
33200 3936998 18138 300183 101859
33300 4259086 18308 310382 102711
33400 4030600 18571 309136 105404
33500 4139894 19780 306790 102742
33600 4047991 18395 344585 127972
33700 4055539 18546 322913 104975
33800 4248498 26626 399340 104848
33900 4200683 18696 320805 108031
34000 4262963 21817 327491 113847
34100 4307630 18620 413264 109757
34200 4295773 18819 323882 111503
34300 4373220 18886 395980 121807
34400 4305340 18979 324420 116341
34500 4446946 21064 342354 110511
34600 4403812 19081 329686 113798
34700 4467471 20095 338331 111874
34800 4309095 19864 335034 112723
34900 4350003 19308 328648 114392
35000 4338445 19401 339713 113658
35100 4409953 19190 348325 114645
35200 4505852 19541 339384 113936
35300 4553442 20204 337598 116001
35400 4463517 20364 340007 118830
35500 4541399 19643 363345 128478
35600 4718495 19999 340896 115643
35700 4627146 19841 344445 117493
35800 4623292 19940 366554 152506
35900 4637230 19855 347537 119757
36000 4621649 19944 351973 119021
36100 4633322 20017 361518 119289
36200 4647667 20068 364800 120672
36300 4808277 21052 355622 145582
36400 4694786 21000 358196 124208
36500 4721512 20297 359010 121470
36600 4934302 20335 370645 123549
36700 4834561 22067 366885 125177
36800 4829969 20444 372343 125514
36900 5011935 20528 369812 126038
37000 4839527 20521 374978 128030
37100 4862406 20640 383764 130263
37200 4885447 20644 381639 127869
37300 4917778 20575 379786 129442
37400 4949536 20854 382481 128377
37500 5075587 20906 386437 128918
37600 5175612 20939 385395 130537
37700 5145924 21033 387319 130968
37800 5223526 21119 387965 132370
37900 5071280 21120 403419 131845
38000 5180088 21181 395977 131692
38100 5172381 21395 400083 132897
38200 5292105 21326 414370 135758
38300 5249646 23081 459572 147933
38400 5352231 22497 425524 135630
38500 5268374 21861 406052 136873
38600 5273147 21644 411712 138099
38700 5340407 22001 412424 137616
38800 5354017 21792 409337 141805
38900 5356785 21817 412980 140357
39000 5365062 22042 423004 140832
39100 5452076 22558 430468 142298
39200 5438760 22294 436309 141166
39300 5469391 22091 430545 143634
39400 5500674 22291 429238 143911
39500 5528223 22229 426241 146447
39600 5558211 22423 433827 145467
39700 5579988 22328 430846 144149
39800 5643992 22420 433705 146574
39900 5686901 22778 434891 147056
40000 5659655 22733 438317 148657
40100 5764220 22424 443810 149605
40200 5766491 22621 452176 149090
40300 5822705 22612 441960 152586
40400 5822563 22665 449615 151960
40500 6025893 23080 468028 150430
40600 5927030 23310 458108 152298
40700 5942595 23054 453738 152029
40800 5881576 22791 461688 152330
40900 5921040 22989 458846 156470
41000 6001411 23473 467337 154506
41100 6016129 23116 457325 158156
41200 6043222 24115 470956 154756
41300 6087352 23751 479388 157410
41400 6093165 24098 476925 159246
41500 6369694 23461 474814 160498
41600 6160775 26420 474070 159274
41700 6194901 28772 485300 159954
41800 6355522 23477 490613 161182
41900 6211498 23800 480328 163248
42000 6292835 23649 484219 162090
42100 6251294 25490 481628 167298
42200 6286651 23313 497530 166594
42300 6363460 24219 507134 164986
42400 6382517 23923 501055 164399
42500 6412723 23993 496735 163285
42600 6436786 24122 493100 165020
42700 6434406 24140 505605 166548
42800 6507551 24141 508900 166534
