100 72700 133400 841600 276800
200 156700 501300 2114800 622900
300 367600 1117000 3231600 976700
400 618600 2037400 4376000 1356400
500 885700 2846800 5009200 1918600
600 1439800 4339000 7214300 2672700
700 1919600 5766200 7600900 2877800
800 2604400 6811200 9839900 3588400
900 4586600 9610600 9855900 3784600
1000 3961400 9926800 10990500 4332600
1100 5186900 12710600 12707000 5267100
1200 5492800 13794200 14242300 6164600
1300 6271200 16406400 17279600 6454800
1400 8223600 21400100 20648900 12800200
1500 9610200 22975200 22462000 7969900
1600 13920900 25322100 18197300 9581400
1700 11275100 36637900 33721700 21095800
1800 22232800 34869900 30846000 15726200
1900 16754000 55939700 37368700 14806000
2000 19181500 50915100 37601600 16659400
2100 24922000 52158800 34694100 18057000
2200 20390700 59888800 27936500 14704000
2300 24726300 48909500 30446000 17127700
2400 33697800 88919200 32245100 18720400
2500 29250900 58696100 31737800 16751800
2600 26734100 67580100 32993600 17988600
2700 33701600 64043300 30757300 16377300
2800 29203100 68120100 31540300 17359300
2900 32167800 73263900 34178500 21142600
3000 45135800 77543900 35525700 19686700
3100 37519600 81896900 34569800 20588400
3200 38164700 87805700 35694000 21823400
3300 42161900 93323300 36724100 21823000
3400 43599500 101658000 38075400 23097400
3500 46474300 103351800 39128400 27392100
3600 49675400 109557600 40234700 24823000
3700 53218000 120929500 41776600 29016600
3800 62844500 126865800 47050500 27945000
3900 58303100 129183000 46899300 29848500
4000 61890600 139050200 44285500 29248400
4100 67786400 149961500 45819700 30579500
4200 69448200 153745000 46316100 31353700
4300 70370600 151848100 51502900 32653600
4400 72416800 159449200 49382800 33247800
4500 76726600 164991400 55935700 37226600
4600 79913100 175730300 52535300 35915800
4700 87090700 181185000 53936400 37163800
4800 88937300 186625300 54783900 38205000
4900 91516900 204538200 60066800 43160600
5000 100734300 221946800 62534800 43918000
5100 99835200 227816300 63803900 43534500
5200 107018600 218070700 63429300 47089500
5300 111657500 243154300 62421500 43386800
5400 111177100 234404400 61502500 46184100
5500 116294800 244531300 64917800 47388400
5600 118615300 268501700 67260200 52038300
5700 135492100 266422200 67392400 48395000
5800 134737300 290040700 69100000 54185300
5900 132335000 278744200 69572200 50693900
6000 139119600 287348800 70351500 52443800
6100 141792600 296877400 70702000 60694800
6200 148675200 309643400 72470600 55219400
6300 159133600 339036900 72434200 59341100
6400 162470000 327306300 76977000 58004800
6500 170789700 347632800 96717300 63220900
6600 178406300 345973500 76475000 60477300
6700 174747900 366722000 81919800 61012500
6800 180908000 367177000 82982200 72024900
6900 183779200 377987200 84508100 70901900
7000 191130400 385252800 82291800 68438700
7100 196268800 408030700 85002700 72324200
7200 202067500 407031900 84495500 75009900
7300 214334700 421710900 83091800 69832300
7400 215549300 455742700 89157700 71125500
7500 218069100 438668900 86498600 73542500
7600 222064700 450288400 93301600 75595800
7700 227955000 461772300 90507400 82360500
7800 250542600 478064000 86793600 78321500
7900 242303600 486190700 90815600 87440300
8000 243379600 500951600 90377300 81491200
8100 255325200 515401300 89206200 83551100
8200 267581800 536020000 96110300 84397900
8300 274460900 533403000 102762300 93965700
8400 267991000 546895600 94476100 86363700
8500 281240200 558986400 96757200 90777500
8600 287953200 571396500 97541100 89605400
8700 287113000 586443900 97764200 93229500
8800 307904500 603208800 105459100 103966700
8900 328080600 630245100 101022300 96214800
9000 310893900 644790200 104747400 96719000
9100 317137900 637460300 103443600 101014500
9200 337520800 650816700 104733300 101526400
9300 329196000 679789900 106223700 103344200
9400 337195400 688444900 115094800 110279200
9500 348881700 694428000 109139400 113314200
9600 359068500 707281900 111995100 106426300
9700 365606100 726034800 114931500 113098700
9800 373744500 759047500 113295100 110586100
9900 377284200 759811300 117033700 111819600
10000 384960100 773298700 118303600 114987400
