100 57900 23300 120700 12700
200 134100 54500 265600 30800
300 322100 95200 471800 49900
400 544800 123500 531800 74400
500 777400 162500 666000 96000
600 1225500 201200 817700 133500
700 1734700 247700 1034500 137700
800 2151900 278600 1141700 181900
900 2580600 319300 1261300 212100
1000 3301800 357500 1411800 244800
1100 4061600 404900 1735400 264200
1200 4592100 445700 1804500 313900
1300 5412200 487600 1939300 348300
1400 6812900 533000 2112500 395600
1500 7518300 571300 2246800 413000
1600 8721200 622200 2499400 484800
1700 9166400 662300 2783500 511100
1800 10260800 709100 2861000 553800
1900 11690400 751300 3037300 559900
2000 13036000 796300 3172100 626700
2100 14529600 840500 3434200 686400
2200 16255400 886400 3644700 708300
2300 18988300 930200 3964700 793300
2400 23153500 1249600 6453800 1313900
2500 21993500 1104400 4412300 956000
2600 25444900 1082300 5705800 949400
2700 24917300 1139000 4798600 1010400
2800 26763600 1267100 5530500 1063100
2900 33005800 2074800 8050000 1324600
3000 47239600 1949000 8907100 1960900
3100 35240000 1324800 5967200 1255200
3200 44253600 2491500 13823800 1770100
3300 67442600 2493000 10135700 1699300
3400 49263700 1487200 9384100 1664700
3500 55168500 1574200 9963500 1746700
3600 54818600 1731200 9735400 2849800
3700 50288400 1589000 9274500 1827300
3800 53111000 1703800 7567400 1795400
3900 71643000 2359200 9281500 1880100
4000 58225800 2343800 10255900 2040900
4100 97489200 2574200 14187200 2863000
4200 78130300 1869000 8906000 2084500
4300 60357600 1920200 9217300 2196300
4400 63916100 1935200 9520400 2290700
4500 66279800 2023800 9526700 2377900
4600 71589900 2029100 10315900 2499100
4700 75081500 2127500 10187500 2619800
4800 76663200 2216700 11207000 2643000
4900 79576500 2204700 11558100 2766200
5000 83285000 2242900 11955600 2934300
5100 87780400 2225200 12020500 2867900
5200 86551700 2373200 12327600 3152800
5300 95548500 2323600 12432400 3073100
5400 94157400 2455300 12829300 3266800
5500 101151600 2440200 12763800 3257800
5600 101946000 2518200 13458100 3304800
5700 107804300 2591400 13872700 3487600
5800 113735700 2583600 14529900 3626800
5900 114244600 2688500 14724300 3786000
6000 120876800 2885400 15778700 3917500
6100 125067400 2782800 16160900 4026200
6200 135442100 3512900 19281300 4067100
6300 129300500 3026100 16389100 4236300
6400 137885100 2949300 17331700 4399300
6500 141366300 3006800 17535100 4537900
6600 140787400 4394000 20380600 4602700
6700 146362400 3102100 18258900 4781300
6800 153316900 3181400 19025900 4936500
6900 164056700 3216700 19387100 5106500
7000 165897800 3285600 20373000 5295700
7100 166274900 3388500 20927800 5323200
7200 170395100 3382700 21087700 5381900
7300 176945600 3421800 21372700 5550600
7400 184766200 3460900 21925000 5687000
7500 187589800 3538100 23092000 5757800
7600 191757200 3553100 23108200 6002200
7700 195683800 3624100 23834900 6131400
7800 202798000 3701600 26776800 6310100
7900 210826800 3821400 26117000 6874100
8000 215783100 3730000 25175200 6543300
8100 218850700 3835300 25625500 6653900
8200 225803900 4148500 26810000 6803500
8300 228996300 3960200 26860400 7034700
8400 230478900 3983900 27359900 7284900
8500 240365400 4073600 28061900 7301100
8600 247410900 4261500 29545700 7431500
8700 246935800 4096800 28952100 7671000
8800 258019700 4233400 29919900 7814100
8900 263321100 4256700 30295700 7917200
9000 268341200 4193700 30272700 7900600
9100 280778800 4385300 31427900 8336200
9200 279799900 4413000 31811600 8449800
9300 290558300 5553900 32892900 8656600
9400 291887900 4470900 34311300 9178600
9500 296399400 4572200 34410400 8901100
9600 309723100 4616600 33937500 9011700
9700 313623400 4675300 36177500 9360800
9800 319255200 4767200 35316300 11037200
9900 325602500 4792900 35760300 9674100
10000 331336700 4888500 36094200 9933800
